# 0.04575
7 7
2 2 2 2
1 3 2 1 3 1
1 1 1 1 1 1 1 1
1 1 1 1 1 1 1 1 1 1
1 1 1 1 1 1 1 1 1
1 2 1 1 1 1 1
2 1 2 3 2
5 4 2
2 7
7 2
2 4 5
2 3 2 1 2
1 1 1 1 1 2 1
1 1 1 1 1 1 1 1 1
1 1 1 1 1 1 1 1 1 1
1 1 1 1 1 1 1 1
1 3 1 2 3 1
2 2 2 2
7 7
---
7 7
2 2 2 2
1 3 1 2 3 1
1 1 1 1 1 1 1 1
1 1 1 1 1 1 1 1 1 1
1 1 1 1 1 1 1 1 1
1 1 1 1 1 2 1
2 3 2 1 2
2 4 5
7 2
2 7
5 4 2
2 1 2 3 2
1 2 1 1 1 1 1
1 1 1 1 1 1 1 1 1
1 1 1 1 1 1 1 1 1 1
1 1 1 1 1 1 1 1
1 3 2 1 3 1
2 2 2 2
7 7