5 3 3
2 3 2 2
2 2 2 2
2 2 3 5 3
2 1 7 5
3 2 3 3
2 1 2 1 1 1
2 2 1 2 2 1
3 1 2 3 2
3 1 2 3 1
3 1 2 1 1 1 1
3 1 2 7 1
4 2 1 2 2 2
3 1 2 3 2
4 2 3 3
3 1 9 4
3 2 2 4 8
3 2 4 3 8
3 1 2 2 8 2
3 2 2 2 1 2 1
3 1 2 3 2 2 1
3 1 2 6 5
3 4 2 2 3
3 3 2 1 2
5 3 2 2 2
10 2 6
14 7
3 6 6 3
5 2 2
12 3
---
2 7
3 13
1 4 15
1 15 4
2 10 4
1 5 4 3
2 3 2 2
2 2 5
3 3 8
3 3 3 4
6 3 4
2 3 3
5 4 3 4
1 14 2 5
4 3 2 3 2
2 1 2 2 2 2 1
2 2 2 2 1 1 2 1
2 2 3 3 2 3 1
2 4 1 3 2 4 1
1 2 3 4 7 1
2 2 2 2 1 1 3 1
1 1 2 1 3 1 5
3 2 3 2 3 2
1 7 2 6 2 1 1
6 5 4 2 1
2 5 2 3
7 2
2 3 1
3 2
5