5 9 6
5 3 3 3 6
5 2 1 3 6
5 2 2 6
4 2 2 6
4 2 2 3 2 6
4 2 4 2 2 5
4 2 1 1 3 5
4 2 5 5 2 5
4 5 5 5 4
3 1 2 3 3 2 3 4
2 2 5 4 1 1 4
2 1 1 1 1 4
2 1 1 1 4
2 1 1 1 1 5
3 2 1 6
3 1 1 6
4 2 6 1 6
4 2 1 1 2 6
5 1 3 5
3 3 2 2 2
2 3 3 3 4
4 8 2 3
3 2 2 2
2 2 1 1 2 3
4 2 2 1 2 1 4
6 1 3 3 2 7
4 2 3 3 1 5
2 3 2 1 2 2 3
2 4 1 1 4 3
---
19 3
20 5
10 6 1 4
10 2 3 2 5
4 1 2 1 2 2 1
3 9 3 2 1
2 6 2 4 1
1 2 1 3 2 2
2 1 2 2 2 3
2 1 4 1 5
2 1 1 1 2
2 1 1 2 1 1 6
1 2 4 1 1 4
2 1 4 1 1 1 2
3 1 1 1 1 1
2 1 3 1 1 1 2
1 1 4 1 1 4
2 2 1 2 1 2 6
3 1 1 1 1 1
2 5 2 1
2 2 2 3 2
1 5 1 2 2 4
2 9 7 2 1
3 4 1 3 1
6 3 4 1 2 1
9 6 1 4
20 2 5
19 1 5
19 6
18 4