6 1
2 5
2 1
2 3
2 2 3 3
1 7 4 4
1 3 1 5 5 2
3 5 5 2
2 2 5 5 2
1 5 1 5 5 2
1 3 5 5 1 1
1 5 5 5 1 1 2
1 1 4 8 1 1 1
3 1 10 1 3
3 2 2 2 2 2 2
3 2 8 2 4
2 1 10 1 3 2
2 6 6 4
2 5 2 5 3
2 5 2 5 3
2 5 5 3
2 5 2 2 2 5 3
2 3 4 4 3
2 3 4 4 3
2 3 1 3 1 3
2 1 1 3 1 3
2 1 1 3 1 3
2 1 1 3 1 3
2 1 1 3 1 3
12 25
9 26
8 27
9 24
10 21
12 18
13 16
12 14
11 13
10 12
9 12
---
37
3 2 27
2 2 6 11
2 1 2 3 11
1 2 3 18
1 2 1 1 3 11
1 3 1 2 11
2 1 1 1 1 11
2 1 1 2 1 2 8
1 1 1 1 1 6
1 1 1 1 1 4
1 1 1 3
1 1 1
3 3 1
4 4 2
5 5 3
5 18
5 2 5 4
5 2 5 9
6 5 1 10
5 4 1 10
8 5
6 2 1 6
2 2 2 1 6
7 7
9 1 7
5 5 1 8
4 2 5 9
5 2 5 11
5 25
5 5 11
5 4 11
4 3 3 11
3 1 2 11
2 11
31
2 27
2 3 23
2 1 2 11
1 1 1 11