60
2 7 5 2
5 2
2 2
2 7 2
2 5 13 2
2 10 9 2 2
2 14 12 3 2
2 3 8 6 6 9 2
2 3 7 6 3 8
2 9 3 2 5 3 2
6 4 2 5 4 2
2 5 8 9 2
2 6 8 7 2
2 2 2 5 2
2 3 4 2
2 3 4 2
2 2 3 2
2 2 2 2 2
2 2 5 5 3 2
2 2 8 6 5 2
2 5 6 2 4 2 2
2 6 2 2 2
2 2 2 2
2 2 2
2 2 2
2 3 2
2 1 2
2 3 2 2
2 8 2
2 19 2
2 23 2
2 30 2
2 32 2
2 9 2 2 2
2 6 4 1 1 2
2 4 13 2
2 2 2
2 1 2
60
---
40
40
1 1 1 1
3 2 1
3 3 1
2 4 1
2 4 1
2 2 1 2 1
2 1 1 2 1
2 5 1 1
1 5 1 1
1 5 2 1 3
1 4 2 4 1
1 5 1 4 1
1 5 1 5 1
1 5 2 2 1 5 1
1 4 1 3 2 4 1
1 3 2 3 3 4 1
1 3 2 2 2 4 1
1 4 2 3 1 5 1
1 2 2 5 2 6 1
1 2 2 5 2 5 1
1 4 2 1 6 1 1
1 4 2 6 1 1
1 1 2 6 1 1
1 2 5 1 1
1 2 5 1 1
1 1 1 6 1 1
1 1 2 1 2 4 1 1
1 5 2 4 1 1
1 5 2 4 1 1
1 5 2 1 4 1 1
1 5 4 4 2 1
1 4 4 4 2 1
1 4 3 4 2 1
1 3 1 2 4 1 1
1 3 2 4 1
1 1 2 1 4 1
1 1 2 2 3 1
1 4 5 3 1
1 4 1 4 2 1
1 5 2 2 3 1
1 5 2 2 4 1
1 5 2 1 2 1
1 5 2 2 1
1 4 1 2 1
1 4 2 1
1 5 2 1
1 1 2 2 1
1 1 1 2 1
1 1 1 2 1
2 4 2 1
2 4 1 1
2 3 1
2 2 1
2 2 1
1 1 1
1 1 1
40
40