3 3 26
1 1 1 1
1 1 1 2 3 1 2 1 1 1 15
1 1 1 1 1 1 1 1 1 1 1 3
1 3 3 1 1 1 1 1 1 1 3 3
1 1 1 1 1 1 1 1 1 1 1 1
9 3 3 3 3 3 1 1 1 1 1
1 1 1 1 1
26 3 3 1 1 1
1
17

20
25 3
8 16
5 24
3 5 3
1 2 4
3 2 4
5 2 4
5 16 3
6 18 9
9 20 12
1 8 6 14
8 1 16
1 4 3 1 17
4 2 1 18
9 18
2 1 19
2 20
---
1 1 1
1 1 1 1 1
5 1 1 1 6
1 1 1 9
1 1 9
5 1 2 8 1
1 1 1 2 8 1
5 1 2 8 1
3 2 9
1 2 7
1 5 1 2 1 1
1 1 1 1 1 2 1 1
1 4 1 2 1
1 1 2 1
1 5 1 3 1
1 1 1 1 3 2
1 5 1 4 2
1 1 4 2
1 5 1 5 3
1 1 1 6 3
1 1 1 7 3
1 1 3 5
1 5 1 2 4
1 1 1 1 2 3
1 4 1 2 3
1 1 1 4
1 5 1 1 4
1 1 1 1 4
1 1 1 1 5
1 1 1 6
1 2 1 1 7 1
1 4 1 9 2
1 2 1 5 3 4
1 3 4 1 5
1 1 3 6
3 5 1 3 6
1 1 1 1 2 7
1 1 3 1 2 7
1 1 2 8
1 5 1 4 8
1 1 1 1 4 8
1 5 1 4 9
1 1 2 9
1 1 1 2 9
1 1 2 9
1 1 1 2 9
1 1 2 9
1 1 1 1 10
1 1 1 10
1 1 1 10