2 10 2
4 25
6 10 8
4 4 3
4 2 5 5 2
3 3 2 2 2 2 3
3 2 2 3 2 2 3 2 2
3 3 1 2 2 1 1 2 2 1 2
4 3 1 1 1 1 1 1 1 1 1 1 2
4 3 1 2 2 1 1 2 2 1 2
6 2 2 3 2 2 3 2 2
4 2 2 2 2 2 2 2
3 5 1 1 5 3
3 1 1 3
4 2 2 3
3 8 9
4 6 2 7
3 1 1 1 2 4
3 1 1 2 2 4
2 1 1 1 3 2 4
2 1 1 1 3 2 3
3 1 1 1 2 2 3
3 1 1 1 2 2 3
1 1 1 1 3 3 3
2 1 1 1 2 4 4
2 1 1 3 4 4
2 1 1 2 4 4
2 1 3 4 5
3 1 2 4 5
2 3 4 6
2 2 4 6
4 4 6
3 3 7
2 3 8
2 5 10
6 1 11
4 1 1 3
4 4 4
3 9 9
---
5 2
7 4
9 7
4 4 10
3 3 9 2
2 2 8 1 2
2 2 4 2 3
1 1 14 2
3 3 1 3 1
4 8 15 2 2 1
17 2 2 3
5 16 2 2
3 5 2 2 2 3
2 2 2 12 2 1 2
2 2 3 2 2 2 3 1 1
2 1 2 2 1 9 3 2 1
3 1 1 1 1 1 2 5 4 2 1
3 1 2 2 1 2 2 4 2
3 2 3 2 3 4 3 1
2 2 2 2 2 4 3 1
2 5 4 8 7
2 1 1 6 7
2 1 1 8
2 5 4 6 2
2 2 2 3 6 1
2 2 3 2 2 6 1
2 1 2 2 1 3 6 1
2 1 1 1 1 1 4 6
2 1 2 2 1 5 7
2 2 3 2 15
2 2 2 3 10
3 5 3 7
6 3
14
8