4 4 2
4 4 3 1 1 3 3
5 5 1 1 1 1 1 3
1 1 1 1 1 3
1 1 1 1 1 1 1 3
3 3 1 3
1 1 1 1 3
2 2 3
4 4 3
7 7 3
6 1 6 1 3
7 1 7 1 3
5 2 1 5 2 1 3
5 3 5 3 3
1 1 3 1 1 3 3
5 9 11 4
5 2 3 2 1 4 4
2 2 2 3 2 7 5
2 2 2 3 2 2
2 2 2 3 4 1 1
2 2 2 3 3
2 2 3 3 3 1 1 1 1
2 2 11 2 2
2 2 1 1 2 4 1 4 4
6 1 6 10 7
3 11 8
3 5 5 3 5
3 1 1 5 4 5
3 5 5 4 5
3 1 1 1 1 4 1 1
3 5 5 4 5
3 1 1 5 4 5
3 5 2 2 4 2 2
3 1 1 1 2 2 4 2 2
3 5 2 2 3 2 2
3 1 1 1 1 1 2 2 2 2 2
3 1 2 1 2 2 2 2
3 1 1 1 1 2 2 2 2
3 1 1 2 2 2 2 2
2 1 1 1 6 6
---
3 8 10 2
3 18 3
3 6 2 1 3
3 1 1 17 3
1 5 10 3
3 1 3
1 2 1 3
10 1 3
10 1 3
6 2 3
1 1 3 1 5
3 8 1 3 3
3 9 3 3 5
3 6 8 4 1
3 1 1 19 1
1 5 11 1
3 3 5
1 2 3
11 11
9 3 1 1 1 1
6 2 4 1 1 1 1
5 1 2 3 1 1 1 1
1 1 1 2 12
5 3 2 1
2 1 5 10
5 5 1 1 17
1 6 6 2 1
5 3 3 18
3 3 8 10
1 3
5 3 7
1 3 9
3 11
3 12
3 2 1
3 1 5 10
3 3 1 1 17
3 3 6 2 1
3 3 18
2 3 8 10