2 2 1 4
6 2 1 4
8 2 1 2 2
8 6 3 1 2
8 6 3 1 1
3 4 5 3 3
2 1 2 3 2
1 4 3 2 1 1 1 1
1 1 1 1 1 1 1 2 2
1 2 1 1 1 1 4
2 2 1 2 1 1 1 3
2 2 1 1 1 3 1
2 6 1 1 1 2 6
3 5 1 2 1 3 2
4 2 2 2 2 2
4 1 2 2 1 4 4
4 2 4 7 3 3
9 1 1 2 6 2 1
14 1 2 7 5 1
13 1 2 7 2 1
12 1 2 1 2 4
22 1 2 1
1 1 1 1 1
1 1 1 1 1
1 1 1 1 1
40

25
3 1 2 2
2 4 2 7 2
1 1 1 1 2 1 6 2
1 2 2 1 6 2
1 2 4 10 8
1 4 3
1 2 2
1 1 2 2
4 2 2 2 3
9 17 6
1 1 1 1
2 2
---
1 8 1 1 1
20 1 3
6 2 9 1 10
5 8 1 1 2
5 1 5 1 1 2 2
4 1 5 1 1 7
5 2 2 6 1 1 3 1
6 1 4 6 1 1 2 1 1
9 4 5 1 3 2 1
1 2 2 4 1 1 2 1 1
1 2 4 1 1 1 1 2
2 4 1 1 2 3
2 6 1 1 2 1 1
2 3 1 1 1 1 2 1 1
2 4 1 1 3 3
3 6 1 2 2
1 1 1 2 1
1 1 1 1 1 1
2 1 1 1 1 1 1
2 1 2 9 1 2 1 1
4 1 1 1 2 1 1 4 1
4 2 1 1 2 5 1 4 1
3 1 2 2 1 1 4 1
3 4 1 1 4 1
5 5 4 1 1 3 1
5 12 2 2 1
4 1 2 1 1
2 2 6 1 2 1
1 2 1 1 4 2 1 3 1
1 4 1 2 5 2 1
3 3 2 1 1 1 1 2
2 1 4 1 1 2 1 1 1 1
3 1 1 3 2 1 3 1 1 1 1
3 1 1 4 2 1 1 1 1 2
4 5 2 2 6 1 1
5 7 1 1 2 1
2 2 1 1 1 1
2 3 1 2 2
1 4
1 2