5 5
4 4
3 3
6 5
7 5
13
4 4 4
4 1 3
2 3 5
2 1 1 1 1
4 1
2 5
2 1 1
4 1 1 1 1
3 3 2 2
4 9
2 1 1 4
2 4 3 2
1 1 2
2 2 2 1
2 1 2 2 1
1 2 2 1 1
1 2 1 2 1 1
1 1 1 1 2 1 1 1
1 2 6 1 1
1 6 2 3 1
1 4 3 2 1
1 5 4 3 1
1 5 2 2 2 1
2 8 2 1
2 2 1
1 2 1
3 2 3 1
20 1
16 1
---
12
4 4
2 2
2 2
3 2 1 1
5 3 1 1
6 1 2 2 1 2
2 5 1 2 3 3 2
1 4 6 1 9 2
1 4 4 1 6 2
3 2 1 5 2
2 1 2 1 1 5 2
2 2 3 1 1 2
2 1 1 2 2 3
3 5 3 2 3
1 3 1 1 2 1 1 1 2
1 3 2 1 1 1 1 10 2
2 4 1 1 1 1 10 2
12 1 1 1 1 2
5 3 1 3 2 1 1 1 3
3 2 3 1 2 10
1 15
2
2
17