2 1 1 9
4 2 1 4 1 9
7 1 6 1 9
6 1 2 1 1 2 9
3 1 2 3 3 2 5
2 1 1 5 4 2
2 1 1 3 1 2 7
2 1 1 3 6 2 1 1 1
1 1 1 1 1 1 1 2 1 3
15 1 1 1 2 1 1
1 1 1 1 1 9
1 2 3 15
1 1 1
5 2 1 1 1 1 1 1 1 1
3 4 1 1 1 3 1 1 4
3 1 6 1 3 1 1 4 3
2 6 6 7 7
1 6 8 3 5
1 1 6 4 3 2 1 2 2
6 4 1 1 3 2 2
5 6 1 2 4 2 1 4
9 1 3 2 1 1 2 1
2 2 1 2 2 1 1 1 4
18 1 4 1 3
1 2 1 1 2
1 8 1 2 3
1 2 1 2 1 5
1 2 1 1 1 3 8
1 2 3 1 7 7
1 2 3 1 6 6
1 2 3 1 15
1 2 3 1 1 1
1 2 3 1 1 1
1 2 3 1 1 1
1 2 3 1 1 1
1 2 3 1 1 1
1 2 3 1 1 3
1 2 3 2 1 1
1 2 2 3 1
1 11 1
---
1 6 1 1
1 4 1 1
1 3 1 1
1 1 1 1 1
2 2 1 1 1 1 2 1
6 2 1 1
6 1 1 1
5 1 9
3 1 10
2 1 1 1 9 1
2 1 1 9 1
1 1 10
1 9
1 17
24
4 1
6 25
5 1 26
2 4 3 3 1 1 1
2 2 3 1 2 1 1 1 10 1
5 1 1 1 1 3 1 13
2 1 2 1 1 2 2 1 12
3 1 1 3 3 1 1 1
1 2 2 1 1 1 20 1
3 1 1 3 3
12 3 3 1 2
1 2 4 1 10
12 1 1 3
12 1 10
4 2 6 5 1
5 6 3 2 4 4
5 1 2 1 2 1 3
5 1 2 1 1 1 1 2
5 1 2 3 1 2 2 1
5 6 1 3 4
4 1 1 2 6 5
3 1 2 7 5
1 4 4 6
1 8 2 6
1 2 6 6