14
13 16
2 2 9 7
1 3 1 3 5
1 3 1 4 3 3
1 3 1 1 3 1 3
1 9 1 1 1 1 1 1 2 1
1 9 1 5 5 1 1
1 9 1 1 1 1 1
1 3 1 1 2 2
1 3 1 1 3
1 3 1 1 5 3
2 2 7 3
13 2 4
8 1
6 5 1
7 2 6 3 5
2 3 2 2 2 2 1
2 4 1 1 2 2
2 4 1 5 2 2
1 4 1 2 2 3 1
2 3 9 11 1 1 1
1 3 1 1 1 11 1 4 1
1 4 5 3 12 1 1
1 6 1 1 1 11 1 1 1
1 6 1 1 11 1 1 3 1
1 7 2 1 8 10
2 7 2 7 1 2
2 12 7 1 1
3 10 7 1 1
14 8 12
12 12 1 1 1
26 11 4 1
1 11 4 1
1 11 1 3
1 11 1 2 2
1 11 1 2 2
26 1 1 1 1 1
3 3 4 1 1 1
3 3 2 1 1 1 1
3 3 2 1 1 1 1 1 1
3 3 1 2 1 2 2
3 3 1 3 1 1 1
3 3 2 2 1
3 3 2 16
3 3 11 7
3 3 8 7
3 3 8 7
3 3 8 7
3 3 8 7
---
1 1
1 13
1 13
7 1 13
3 2 1 1
2 5 2 1 1
13 2 8 2 1 1
2 2 2 9 4 1
1 3 1 1 4 6 3 1
1 3 1 1 3 1 5 3 1
1 3 1 4 10 1
1 9 1 3 2 7 1
1 9 1 2 1 1 6 1
1 9 1 2 1 2 5 1
1 3 1 1 1 1 1 5 1
1 3 1 1 1 3 5 1
1 3 1 1 1 1 5 1
2 2 1 1 2 6 1
13 2 3 8 1
2 1 3 1 13
5 1 13
1 13
1 1
1 1
1 1
6

16
16
16 4
18 2 2
23 2
2 1 16 1 1 1
3 1 18 1 3 1
4 1 8 20
8 1 5 6 6
3 1 5 1 5 6 6
3 1 2 3 2 5 6 6
3 1 1 5 2 1 2 6
3 5 2 3 2 7 6
3 1 1 2 3 2 1 1 6
3 3 2 3 7 20
2 1 1 5 2 1 1 2 1
3 1 2 3 2 1 2 4 5 6
3 1 1 2 2 1 2 1 2 2 1 6
4 3 2 2 3 3 1 2 3 6
4 1 2 3 1 9 6
6 2 3 1 1 1 2 3 6
5 3 1 6 1 2 1 6
9 2 1 5 6