9
3 3 2
3 3 2 1
3 5 1 2
7 1 1 2 1 1
8 1 2 2 1
10 1 5 4
11 1 1 5 2
6 7 5 2 1
6 5 1 2 2 1 1
6 7 1 2 1 2 1
5 6 1 1 2 2
6 6 1 2 5
6 3 7 1 2 2
7 5 7 4 2
7 4 2 7 3
7 6 2 3 6
6 5 2 2 2
6 4 1 2 1 2
6 4 1 3 3
6 3 4 2
5 2 2 2
5 2 2 3
5 2 2 2
5 2 2 2
6 3 3
7 2
7 3
7 2
9
---
5
9
11
13
14
7 5
6 5
5 4
5 3
5 4 2
5 6 1
5 4 2 1
5 4 2 1
5 4 1 2
4 4 1 2
4 6 1 1
5 4 1 2 2
5 2 2 1 2 2
4 2 2 3 1
4 2 4 2
5 2 2 2
9 3 2
13 1
2 12 2
1 12 2
2 2 11 2
1 1 1 7 1
1 15 2
4 3 2
8 4 3
2 2 2 2 1
1 3 3 3 1 1
1 1 1 3 1 1 1 1
2 5 2 1
5 7 2
1 2 2 1
1 1 3 1 2
2 1 1 3
2 3
5