7
2 2
2 2
1 1
1 2 2 1
1 1 1 1 1 1
1 3 3 1
1 1 1
2 3 2
3 3
1 1 3 3
1 1 1 1 5 1
1 1 1 2 3 2
1 1 1 1 2 2
5 1 5
1 1 2 3 1 3
5 2 3 1 3 2
3 2 11 2
1 1 3 1 3
1 1 17
1 1 2 1 2
1 1 17
1 1 2 1 2
1 1 17
1 1 2 1 2
1 1 17
1 1 2 1 2
2 2 11 2
3 1 3
7 1 2
1 2 2
1 2 1
3 3 3 2
5 5 5 2
17 1
4 3 4 2
4 1 4 1 1
1 7 1 1 1
1 1 2 2 1 1 1
3 3 3
---
6
1 12
8 2
1 11 1
7 2
1 11 2
2 11 4
2 2 1 1 1 5 2
8 1 1 1 1 1 1 1 6 1
2 5 3 1 1 1 1 1 4 2
2 2 2 2 2 1 1 1 1 1 1 1 2
1 1 1 2 2 2 1 1 1 1 1 1 2 2
1 3 1 2 1 1 1 1 1 1 1 1 4 2
1 2 2 24
1 3 1 2 1 1 1 1 1 1 1 1 4 2
1 1 1 2 2 2 1 1 1 1 1 1 2 2
2 2 2 2 2 1 1 1 1 1 1 1 2
2 5 3 1 1 1 1 1 4 2
8 1 1 1 1 1 1 1 6 1
2 2 1 1 1 5 2
15 4
12 2 2
2 2 2 1
2 2 1 1
2 7