6
3 1 3
3 3 2
2 2 2 2
2 2 2 2
1 2 2 1
2 9 2
1 2 2 1
1 1 7 1 1
1 4 3 4 1
2 3 3 3 2
16 1
2 3
3 3
3 3
13
2 1 1 1 1
2 13
2 1 1 1 1
2 15
2 1 1 1
2 17
2 1 1 1 1
2 19
2 1 1 1 1
2 21
2 1 1 1 1 1
2 23
8 1 1 1 9
2 25
2 1 1 1 1 1
2 27
2 1 1 1 1
31
2 1 1 1 1
29
---
1
1
1
1
1 3
7
4 3
4 3 1
4 3 1 1
4 3 1 1 1
6 4 3 1 1 3
3 3 4 3 1 3 1 1
2 3 3 3 1 1 1 1 1 1
2 3 1 2 3 1 3 1 1 1 1
1 5 3 3 1 1 1 1 1 1 1 1
2 3 3 4 1 3 1 1 1 3 1
1 3 2 1 2 1 1 1 1 1 3 1 1 1
2 2 1 1 1 1 3 1 3 1 1 1 1 1
1 2 1 4 1 1 1 1 1 1 1 1 1 3
3 1 4 3 1 1 1 3 1 1 1 1
1 2 1 4 1 1 3 1 1 1 1 1 1 1
1 2 1 1 1 1 1 1 1 1 1 1 3 1 1
2 3 2 1 4 1 1 3 1 1 1 1 1
1 3 3 2 1 1 1 1 1 1 1 1 1 1
2 5 3 3 1 1 1 3 1 1 1
2 5 3 1 3 1 1 1 1 1 1
2 2 3 1 1 1 1 1 3 1
3 3 3 1 3 1 1 1 1
5 3 1 1 1 1 3
3 1 3 1 1
3 1 1 1 1
3 1 1 1
4 1 1
1 3 1
1 3
1
1
1
1
1