2
4 5
22 1
4 20 2
2 18 3
1 1 16 2 1 3
1 1 1 1 1 4 1 1 2 1
1 1 1 1 1 4 1 1 1 1
1 1 1 1 1 1 1 1 1 3
1 1 3 3 3 3 1 1 1
1 1 5 5 1 1
1 2 3 3 1 1 3
1 1 3 2 2 1 1 1
1 1 1 2 2 2 2 1 1
1 1 1 1 2 4 2 1 1 3
1 1 1 10 1 1 1
1 2 1 10 1 1
1 1 1 10 1 1 3
1 1 1 1 10 1 1 1
1 1 1 1 10 1 1
1 1 2 1 8 1 1 3
1 1 1 8 1 1 1
1 1 1 8 1 1
1 1 1 8 1 1 3
1 1 2 1 6 1 1 1
1 1 1 2 6 1 1 1
1 1 1 3 6 1 1 1 3
1 1 1 1 6 1 1 1 1
1 2 1 1 6 3 1 1
1 1 1 1 6 2 2 1 1
1 1 1 1 1 4 1 1 1 7
1 1 1 1 1 4 1 1 1 1 1
1 1 2 1 1 4 1 1 1 7
1 1 1 1 4 1 1 1 1 1
1 1 1 1 1 5 1 1 1 1 1
1 1 1 1 1 2 4 1 4 1 1 1 4
2 1 2 1 1 9 3 3 1 1 1 1
1 1 1 1 2 2 13 2 1 1 1
1 1 1 1 22 1 1 1
1 1 1 1 22 1 1 1
---
1 1
1 3 3 3 3 3 4
1
37
1
35
2 1 1 1 1 1 1
2
1 27
2 2
3 14
4 1 3
4 2 1 2
10 4
4 10 6
22 2 2
4 2 15 1 4
7 1 26
8 27
8 27
7 1 26
4 2 15 4
22 1 3
4 10 1 4
10 5
4 2 11
4 1 2 1 3
3 4 1 1 5
2 2 4
1 8 2
3
34
2
2 1 1 1 1 1 1 1 10
2 1 1
30 1
1 1 1 5
1 1 1 1 1 1 1 1 1 1 1 1
1 1 1 1 1 1 1 1 1 1 1 5
1 1 1 1 1 1 1 1 1 1 1 1