3 2 2
5 1 1 2
1 5 1 1 1 2
2 2 1 4
9 6
7 5
1 2 2
1 3 2 2
1 2 1 2 2
2 3 3 1 2 2
1 1 1 1 1 1 5
1 2 2 1 2 4
1 3 3 1 7
1 1 1 7 1 6
1 1 5 2 7 1 2
12 2 7 1 2
15 2 7 1 3
6 10 7 2 4
2 1 9 2 2 1 2 6
4 2 13 1 2
2 1 1 13 6 6
1 1 1 1 15 3 2
1 1 2 1 12 1 1 2
1 1 3 1 4 4 2 1 2
4 2 2 3 3 3 1 2
1 1 1 2 4 3 4 1 2
1 1 1 1 2 2 2 3 4 1 2
1 2 7 2 3 3 1 2
3 2 1 1 1 2 2
1 5 5 1 2
1 2 1 1 1 3
1 1 2 1 1 2 3
1 1 2 1 1 4 3
2 4 1 8 3
2 6 1 3 2
2 2 1 5 4 2
3 1 2 5 4 1
3 1 2 1 2 3 1
3 1 3 3 1
9 3 1 20 1
---
11 1
8 1 1 1
3 1 1 1 1 1 1
5 1 1 1 1
4 4 4 1
4 1 1 1 1
3 1 4 1
5 4 1 1
5 12 1
7 5 2
8 1 6
7 1 5
9 1 4
7 2
8 2
9 5
2 9 5
2 11 2 1
2 5 6 2 1
5 11 11
3 1 2 9 1 1 2
3 31
2 5 8 3 2 1
3 2 1 6 2 3 1
3 2 1 2 5 2 3 1
3 6 9 12 1
2 5 6 1 4 1 1 1
3 7 2 5 1 1 1
3 1 9 1 1 1
1 2 2 2 2 1
8 8 3 1
1 7 1
1 5 1
5 1 4 1
4 1 3 1 1 5
1 2 4 2 1 1 4
6 6 2 2 2
3 4 3 2 4
19 14
19 17