3 17 13
3 7 7 3 2 4
3 3 1 3 2 1 2
2 2 2 1 2 2 1 1 1
2 2 9 2 1 2
1 2 3 3 2 1 3
2 2 1 2 2 1 2 1 2
2 3 3 3 3 2 2 1 1
3 8 8 13
2 3 3 2
1 3 7 3 9
1 4 3 4 1 1
1 7 1 7 1 5 1
1 2 5 5 2 1 5 1
1 1 9 1 1 1
1 1 5 1 9
1 3 3 3 1
2 2
3 5 5 3
2 3 1 1 1 3 2 1 1
2 2 1 5 1 2 2
2 6 6 2 1 1 1
2 1 1 2 1
1 2 2 1
2 1 1 2 4
2 2 2 2 1 4
2 3 2 1 2 1
2 1 2 1 1 4
2 5 2 1 7
2 3 3 2 1 2 1 3
3 2 2 3 1 7
21 9
4 11 4 4
2 9 2 1 2 3
1 9 1 1 3
3 9 4 1 1 3
2 2 7 5 3 3
2 3 5 5 3 4
3 3 3 18
1 1 1 12 7
---
3 1 6 2 2
5 3 4 2 4
9 8 2 2 1
9 3 2 2
14 2 4 2 4
13 2 5 4
3 2 3 4 3 2
2 1 2 1 1 1 2
2 1 2 3 1 1 2 6
2 3 4 3 1 1 1 8
2 8 3 4 3 2 7
1 2 2 2 3 4 2 2 8
1 3 3 3 2 3 9
1 5 2 3 4 2 2 8
2 8 3 4 3 2 7
2 3 4 3 1 1 1 8 1
2 1 2 3 1 1 2 6 1
2 1 2 1 1 1 2 2
3 2 3 4 3 3
13 2 5 3
14 2 4 2 4
9 3 2 5
9 8 1 2 5
3 2 4 1 2 2 2
2 1 6 1 1 1 2 2 2
1 1 1 1 1 2
1 1 1 1 2 1 1 1 8 2 3
1 3 1 2 1 1 3 2 1 4
2 2 1 2 1 1 2 2 2 1 4
3 1 1 2 1 1 8 4 2
1 1 1 1 2 1 2 2 2
2 1 2 1 1 6 3
2 1 1 6 12
3 3 1 11
9 10