11
3 2 3
2 2 4 7
2 5 1 4 5 3
6 2 2 6 5
5 3 1 4 3 7
2 3 1 2 2 5 16
2 2 3 2 2 8 18
5 2 3 3 23 8
1 2 6 3 2 11 1 12
2 2 1 9 2 3 6 17
5 2 7 2 3 5 18
4 1 13 2 2 6 12
1 2 1 10 4 3 2 8
6 2 3 1 8 7
2 2 5 5 8 7
1 2 4 2 3 7 8
2 2 2 3 2 1 2 1 7 8
2 2 5 2 1 3 1 3 18
4 2 2 3 1 3 18
4 3 4 2 1 1 18
3 7 7 2 2 16
3 6 2 2 2 1 15
3 1 1 1 1 2 1 12
2 2 7 12
2 1 1 4 2 9
1 2 2 2 8 9
2 3 1 2 2 6 7
3 3 1 1 1 1 3 2 7
2 2 1 2 2 2 8
2 3 2 1 1 1 2 2 3 4
2 7 2 3 1 1 2 2 12
3 6 5 1 1 2 2 2 11
3 2 4 1 2 1 4 2 2 12
5 3 1 2 4 10 2 2 13
6 5 4 5 3 1 2 1 17
7 1 2 2 1 8 1 1 3 17
7 2 5 2 5 1 2 2 17
8 2 2 7 2 2 17
9 2 2 6 3 3 18
9 2 2 7 4 4 19
10 2 2 8 2 1 3 19
11 1 10 22
12 3 12 21
15 1 13 33
---
4 7
3 4 9
5 1 4 10
2 4 4 11
3 2 3 5 11
2 4 11 12
3 2 1 3 4 12
5 3 5 12
2 5 1 1 1 6 6
1 8 1 2 1 6 4
2 2 3 2 4 6 3
1 2 4 2 3 2 2 2
1 2 6 6 1 1 2 1
4 6 1 2 2 2 2 2 1
2 2 5 2 3 4 2 2 1
1 4 4 4 1 1 1
1 5 5 1 3
1 2 3 2 2 2 3 1 1 1
1 2 2 2 1 2 2 2 2 1
1 4 3 4 2 2 1
2 3 4 2 2 2 2 1
2 3 2 1 4 5 2 2
3 3 3 1 3 4 3 3
2 2 5 1 1 5 1 5
2 5 2 4 13
2 4 2 7 15
6 3 5 4 1 11
14 5 3 11
11 5 10
6 1 2 8 1 7
15 4 1 3 4
9 2 1 3 1 1 2
7 1 3 2 9 2
4 2 1 4 6 3 1
3 2 2 2 3 2 2 1
3 2 2 1 2 3 1
3 3 1 1 2 4 1
2 3 9 1
1 4 2 2 1
1 10 3 1
2 4 6 2 1 1
1 3 7 4 2 2 1 1
2 3 3 3 5 2 2 3 1
9 9 2 7 1
4 3 10 1 11
4 16 2 3
9 11 2 5
8 10 2 6
8 10 2 12
9 11 1 13
9 15 10
24 1 12
23 14
22 14
21 14
20 14
15 2 14
6 16
5 15
15
15
14
13
11
10
