20 5 18
18 12 16
17 3 1 3 3 15
16 6 1 3 14   
15 3 8 3 13   
15 2 4 2 13  
15 11 2 1 1 12  
15 4 3 1 2 11  
15 3 4 1 1 3 11  
15 2 5 3 1 1 11  
16 4 2 1 2 10  
16 3 1 1 2 10  
16 1 3 1 1 2 10  
16 2 5 1 2 2 9  
16 3 6 1 2 8  
16 2 6 1 1 2 8  
16 2 5 2 1 2 8  
16 4 2 1 2 8  
17 3 2 1 3 7  
17 3 4 4 1 7  
17 3 4 2 1 1 1 1 7  
17 1 3 1 1 2 3 6  
17 4 2 2 3 6  
17 4 3 2 1 2 6  
17 1 2 4 2 1 1 2 6  
17 5 3 1 1 1 1 3 5  
15 1 3 1 3 4 3 5 
14 5 5 2 1 1 1 1 1 6 
11 2 8 2 1 1 1 1 1 1 6  
8 2 5 2 1 1 2 2 5  
7 1 5 1 3 2 2 2 5  
5 2 5 1 2 1 2 2 4  
7 1 5 1 2 1 2 3 3  
4 1 5 1 2 1 2 2 4 
5 1 5 1 2 1 1 2 2 4 
4 1 5 3 1 1 1 2 2 3 
2 2 6 1 1 1 2 1 2 2 3 
5 3 6 1 1 1 2 2 3 2 3 
3 4 6 1 1 2 1 3 6 2 
5 1 2 7 1 1 2 1 4 3 2 2 
4 2 2 7 1 1 1 1 1 3 1 3 1 
2 1 2 9 1 1 3 3 2 3 1 
3 2 1 9 1 2 3 1 2 2 
2 1 1 9 1 1 1 1 3 1 2 2 
4 2 1 8 2 1 1 1 3 1 2 2 
2 3 1 8 2 2 1 2 1 1 1 3 1 
1 2 2 10 1 1 1 1 1 1 5 1  
2 5 10 1 1 1 1 4 5  
1 4 10 1 1 2 1 4 5 
4 4 10 1 1 2 1 3 3 1  
1 3 11 1 1 1 3 2 1 
1 2 4 4 1 1 3 3 2 1 
2 2 4 3 1 2 1 1 2 2 1 
1 2 3 3 1 2 1 1 2 2 1 
1 2 4 3 2 1 1 1 2 1 
1 2 4 4 2 1 1 1 1 1 1 
1 3 4 4 1 1 1 2 1 1 1 1 
1 3 5 5 1 1 1 1 2 1 1 1 
1 3 4 6 1 1 1 1 2 1 2 1 1 
1 4 4 6 1 2 1 1 2 2 1 1 
1 4 5 7 1 2 1 2 2 1 1 
1 2 2 5 9 1 1 1 1 2 1 1 
1 1 9 9 1 4 3 1 2 1 1 
1 1 8 9 2 1 2 2 1 2 3 
1 1 3 15 2 1 2 2 2 3  
1 22 4 1 2 2 3  
1 4 18 5 1 1 1 2 3  
1 4 17 5 2 1 1 2 3  
1 3 17 5 5 1 1 3  
1 2 23 5 1 1 4  
1 2 6 21 1 1 4  
1 2 5 22 1 1 4  
1 2 5 18 3 1 1 2 1  
1 1 24 4 1 2 1  
1 1 24 4 5 1  
1 1 24 3 4 2  
1 1 24 3 4 2  
1 1 4 20 6 3 
1 1 4 21 5 5  
1 1 3 22 3 6  
1 2 3 13 8 3 6  
1 1 3 2 2 7   
1 1 3 3 8  
1 1 2 3 4 8  
1 1 3 2 4 8  
1 1 3 2 4 8  
1 1 2 3 6 7  
1 1 3 4 7 6  
1 2 3 4 6 5  
1 1 3 4 7 5   
3 3 4 6 5   
2 4 4 6 4   
2 4 4 6 4   
2 4 4 7 3   
1 6 5 7 3   
1 5 5 7 3   
1 6 7 9 2   
1 7 10 9 2   
1 8 23 2   
1 11 15 8 2   
1 21 12 2   
1 16 21 2   
1 13 17 2 2   
1 10 22 2 2   
1 34 3 2   
2 42 2   
4 37 2   
1 7 30 3 2  
1 1 2 10 16 2 2   
1 11 15 2 2  
1 5 8 13 2 2   
1 14 12 2 2   
1 13 12 2 2   
1 12 12 2 2    
50
---
115
46 1 1 1 4 2 1
36 4 1 1 1 3 3 1
36 1 2 1 1 9 1 2 5
33 1 1 1 11 5 1 5
31 1 7 1 7 2 5
31 1 2 9 15 2 5
30 6 3 4 19 1 5
29 3 5 5 4 22 1 1 4
29 3 4 14 25 1 4
29 2 21 12 21
28 16 2 18 19
28 11 2 16 18
28 3 19 5 11
27 2 20 4 11
4 16 2 26 4 9 1
3 6 8 1 21 8 3 8 1
2 7 3 1 1 17 6 9 2 8 1
1 3 3 4 3 1 15 6 10 2 7 1
1 2 2 2 2 1 4 14 18 2 6 1
3 2 1 1 1 1 15 19 1 5 2
1 1 2 1 1 1 1 17 21 2 5 3
1 1 2 1 2 23 23 2 12
2 3 3 1 25 26 1 2 12
2 1 4 4 54 1 3 13
2 2 12 1 57 2 2 13
2 1 12 14 3 35 2 3 14
3 1 20 8 24 2 3 14
3 1 2 10 6 10 2 12 2 4 14
2 1 3 3 5 7 3 7 17 5 6 14
1 1 3 4 1 19 13 14
2 1 2 3 5 8 4 16 13 14
1 2 4 7 14 5 3 22 12 12 1
1 3 4 5 8 1 15 9 11 1
2 4 5 6 3 6 8 3 4 4 4 10 1
3 2 1 1 8 2 2 10 3 13 1
4 3 5 5 7 11 5 2 2 1 10 1
6 6 4 3 3 7 4 5 2 7 1 9 1
7 5 1 3 3 9 9 4 7 10 3 4 3 1
10 8 3 5 11 3 2 13 21 3 1
13 4 2 10 5 7 30 2 1
14 9 6 11 5 16 16 2 1
18 10 5 5 3 3 4 4 15 2 1
21 2 6 2 6 5 6 13 2 1
25 2 8 1 20 9 11 4 1
31 1 15 12 3 13 22
32 2 17 8 15 19
38 2 30 19 1
40 3 2 9 40
115
