29
31
33
34
36
38
38
40
40
41
41
41
41
42
43
43
16 4 21
17 4 3 18
12 4 3 4 18
12 4 3 4 19
11 4 3 3 20
10 3 2 3 21
14 2 22
16 19 4
9 4 1 6 15 3
9 3 1 24
20 3 1 4 18
18 3 1 1 3 20
21 2 22 3
23 2 16 1
25 2 17
26 4 17
27 18
29 1 1 20
31 5 22
32 3 18
34 3 19
35 4 19
41 21
41 22
40 23
22 6 11 24
23 5 11 24
22 4 12 25
8 10 3 12 25
8 1 9 2 39
9 1 8 1 3 9 10 11
9 1 8 1 2 8 10 9
9 2 1 2 2 2 8 10 8
10 1 1 4 1 8 9 6
11 8 10 4
13 1 7 9 3
14 9 9 2
15 1 7 10 1
15 1 7 10 1
17 2 5 9 1
15 2 4 8 1
14 1 1 1 4 9 2
15 2 10 1 2 8 1
15 2 5 3 9 1
16 2 6 2 9 2
16 2 6 2 9 2
16 2 7 2 9 2
15 10 2 8 3
15 11 1 9 3
15 12 2 9 4
15 13 1 9 4
15 15 11 6
8 6 15 11 3 1
5 5 1 5 3 10 3 1
1 2 6 1 2 11 2 1
3 1 9 3 1 11 1 1
3 1 6 2 5 1 11 1 1
4 6 3 1 11 1 1
1 2 1 5 1 1 10 1 2
2 2 2 6 1 2 11 2 3
2 2 1 7 2 3 10 2 4
1 2 1 2 7 1 1 5 7 2 4
2 3 2 9 1 1 4 6 2 5
4 2 5 2 2 1 4 6 2 5
1 1 2 5 2 3 4 4 2 6
4 1 5 2 2 14 7
2 2 6 2 2 3 7 8
3 2 6 2 2 1 4 8
3 2 6 2 2 3 8
3 1 5 1 3 2 9
4 2 6 2 3 1 10
4 2 6 1 2 11
4 2 5 1 1 11
5 1 6 2 1 10
5 1 5 2 2 11
6 2 5 3 3 10
6 1 8 3 9
6 1 2 7 2 4 8
7 1 11 2 5 6
7 2 10 6 6 1
7 1 9 4 5 2
8 2 7 1 3 3
8 1 6 1 3 4
8 1 6 1 2 4
---
12 2 23
11 2 2 2 19
12 3 2 1 1 17
15 3 5 14
18 3 1 11
19 4 2 1 9
23 2 6
27 3
29 2
33 6
37 8
41 7
45 6
48 5
49 3
15 14 11 1 3
16 3 8 13 2
16 1 2 6 1 10 2
18 4 1 12 3
24 2 2 13 3
22 3 2 1 12 4
23 2 3 1 2 18
23 2 3 2 2 16
22 2 5 1 2 14
22 2 6 1 2 11
22 8 1 2 8
8 23 7 2 2 9
33 2 7 1 3 5
37 1 2 6 1 6
38 1 1 7
37 1 1 8 1
42 1 9 3 2
44 1 12 4 2
47 3 12 2 2
44 1 14 2 3
24 18 1 8 16 6
21 2 1 14 5 1 7 3 2 2 4
20 3 1 12 6 7 3 4 2 2 4
18 6 17 8 2 9 2 3 4
21 4 1 13 8 5 13 3 4
22 5 21 3 18 7
22 1 1 2 20 2 20
22 3 3 2 19 1 16 4
16 2 1 1 17 18 2
23 2 1 1 14 20 1
23 1 13 23 1
21 2 11 26 2
18 3 11 30
16 4 2 1 3 6 17 8
22 3 1 3 1 15 7
22 5 3 20 6
20 6 2 20 5
17 6 2 20 6
26 1 2 20 2
24 1 29 2
55 2 4
54 2 10
52 3 14
51 7 15
49 4 17
46 5 17
46 2 7 18
46 11 18
45 8 19
45 25
43 16
43 8
42
40
36
6 3 20
5 2 19 2
5 3 2 16 3
4 2 1 15 4
3 2 17 5
