4 5
4 4 
3 1 3
2 2 1 3
3 3 2 2
3 4 3 2
2 5 4 1
2 6 5
3 5 4
3 4 2
2 2 1 1
3 1 2 1
3 1 1 1
2 3 2 1 2
2 4 3 2
4 1 1 3 1 2 3
1 1 1 1 3 6 3
1 2 1 1 2 4 3
2 1 1 1 4 3 4
2 1 1 1 5 3 4
1 2 1 1 7 2 5
1 2 9 5
1 1 9 5
1 1 9 6
1 20
3 2 17
1 2 1 17
4 1 2 16
3 2 4 16
3 2 2 17
5 1 17
7 1 18
---
2 
4 3
2 2 5
2 2 6
3 2 1 2 2
2 3 1 1 1
2 1 2 1
1 1 1 1 
1 1 1 1
9 3
2 1 1 1
2 1 1
8 2 1
6 2 1 1 
12 5 1 1
6 7 8 3 
3 6 14
2 3 19
1 5 17
5 1 14
5 1 12
5 1 2 10
5 1 2 9
4 4 8
1 5 8
2 5 8
1 4 2 9
1 5 1 1 12
2 5 1 14
4 4 17
6 2 19
7 22
