# 24.21856
29 6 9
27 3 2 8
24 3 2 7
21 4 2 6
10 4 2 5
9 12 2 4
8 2 2 4
6 1 1 3
5 3 2 3
5 2 1 2
4 1 1 1 2
1 2 2 1 1
4 1 1 1
1 1 1 1 1
1 1 1 1
1 3 1 1 3 1
1 3 1 6 1
2 2 2 6 1
5 2 7 1
4 1 8 1
1 1 1 8 1
4 1 2 9 1
4 2 1 8 1
5 3 1 8 1
6 3 1 7 2 1
8 4 1 6 2 1
10 4 1 4 2 2
14 3 2 2 3
18 1 4 2 4
20 2 3 5 5
---
12 4 10
11 1 2 9
11 1 2 2 9
11 1 5 9
10 8 7
8 2 4 6
7 3 1 5
7 2 2 5
6 1 1 4
5 2 2 4
4 1 1 3
4 2 2 3
4 1 1 3
4 1 1 3
4 1 1 2
4 1 1 2
4 1 1 2
4 1 1 2
4 1 1 1
4 1 1 1
4 1 1
3 1 2 2
3 2 3 1
3 1 1
2 1
2 2
2 1
1 1
1 2
1
2 1
1 1
2 1
1 1
1 8
1 4 2
1 2 1
1 2 5 1
1 1 8 1
2 9 1
2 11 1
1 2 12 1
2 2 10 1
3 2 10 2
4 3 10 2
5 2 7 2 1
7 2 2 2
9 3 2 3
11 8 4
14 6