# 5.27100
8
3 3
3 3
3 3
3 3
2 2
2 2
2 2
2 2
1 1
2 2
1 1
2 1 2
1 2 1
2 3 4 6 2
1 3 7 2 6 1
2 2 6 2 2
1 2 1 3 2 2 1
1 1 1 1 4 1 1
1 1 1 1 4 1 1
1 1 1 1 1 4 1 1
1 1 1 1 1 4 1 1
1 1 2 1 2 2 2 1
2 1 2 1 2 2 2
1 1 2 1 2 2 1 1
2 1 2 1 6 2 2
1 1 2 1 1 1 1 2 1
2 1 2 1 2 3 2 2 2
1 1 1 1 2 3 2 2 1
3 1 1 2 3 16
2 1 1 23
32
7 2 2 1 1 1 7
6 1 1 1 1 1 1 1 6
26
14 1 1 3
13 1 1 3
18
14
8
---
8
3 3
3 3
3 3
3 2 3
2 21
2 3 3
2 2 4
2 16
1 6 6
2 6
1 23
2 3 1 4
1 3 5 6
2 9 7 5
1 4 2 3 5
2 3 2 2 7
1 2 2 6 6
1 1 4 15
1 1 6 1 5 6
1 1 6 1 10
1 1 4 7 6
1 2 2 5 2 3
2 2 2 4 6
1 2 2 3 2 2
2 6 8 2 2
1 8 2 3
2 3 1 1
1 6 2
2 1 8
1 1 8
2 1 7
2 1 6
2 1 5
2 1 4
3 3
3 3
3 3
3 3
8