# 8.18689
2
2 1 1
2 2 2
1 3 4
1 3 2 2
1 4 3 1
1 5 3 2
3 6 2
6 1 8
9 7
10 1 8
11 1 2 2 3
12 1 1 2 4
10 8
10 8
10 1 8
6 3 2 4 1 1
10 3 2 1 1
5 1 3 2 5 1 1
1 4 5 1 1 2 1
2 4 4 2 5 1
13 1 4 1
2 1 7 1 1 2
2 3 4 2 1 2 2
3 11 1 2 1
2 14 1 1 1
3 11 5 1 1
8 8 1 2 1 1
2 5 8 2 1 1
3 4 4 3 2 1 1 1
10 5 7 1 1
16 1 2 2 1 1
10 4 1 1 1 1 1
11 4 1 2 1 2
12 3 1 3 3 1
1 4 3 1 1 2 4 1
5 4 1 1 2 2 1
4 4 1 1 2 1 2
6 1 1 1 1 1
9 1 1 2 1
2 1 4 1 1 2 5
2 1 2 1 3 2
2 1 2 2 4
1 2
2
2
2
2
2
3
---
10
10 2 4
4 14
2 2 10
19
2 12 2
2 12 6
3 18
1 6 8 4
5 20
14 1 2 1
17 1 4
19
4 8 5
9 13
5 7 8
4 13
10 2
9 2
6 7
6 3 2 1
5 2 2 4
6 1 2 8
5 2 2 12
5 2 4
5 1
5 1
5 1 2
5 1 4
4 1 1 2
6 2 3 1 6
2 1 1 2 5 2
2 4 3 2 2
1 5 3 3 1 1
1 10 5 2 2
11 5 5 2 1 1
12 5 4 1 1
5 6 2 3
1 3 5 2
2 8 2
3 10 11 2
3 2 5 2 5
1 2 10
5
4
0
0
0
0
0