# 9.88292
12 1 4
1 6 2 2 2
3 4 2 4
3 3 6 5
9 2 10
5 15 12
5 1 1 1 14 2 9
9 2 2 7
7 6 3 7
2 2 4 9
5 2 3 2 3 2
5 1 2 3 2 2
3 5 5 2 1
3 2 2 3 2 1
1 2 3 1 1
1 1 1 2 4 3 1 1
1 1 3 1 5 1 1
1 1 3 1 5 1 1
1 3 2 5 1 1 1
1 2 4 5 1 1 1
2 1 2 1 3 1 1 2
2 4 2 1 1 1
2 4 1 2 2 1
2 1 3 5 2
2 2 3 2
2 4 3 1
9 4 2
2 11 8 2
1 7 2 9
1 6 1
1 5 1
1 4 5
6 1 2
6 3 1 2
6 7 1 1 3
5 11
2 4
2 3
4 4
8
---
2 2 7
1 2 2 3
2 2 3 7
1 1 2 13
2 5 2 10
2 1 2 2 11
2 1 3 2 2 7 3
2 1 2 4 6 7 2
2 1 3 4 4 2
2 1 2 4 8 3 1
1 1 3 2 2 3 1 1
1 1 2 2 3 1 2
1 5 5 4 2 1
1 1 2 1 2 2 2 1
1 2 2 1 2 1 2 1
1 2 3 2 2 5 1
1 2 2 3 4 3 1
2 2 1 2 2 1
2 2 1 2 2 1 6 2
2 1 2 2 2 2 1 1 1
2 1 1 3 4 1 1 2 1
2 3 4 4 1 1 1 2
2 2 3 3 1 1 1 1
4 3 2 1 1 1 2
3 4 4 1 3 1
2 2 1 4 1 1 1
2 3 3 2 3
2 4 3 2 1 1
1 2 4 1 1 2
1 1 2 1 1 1
3 13 1 1
4 3 1 1
5 2 1 1
2 6 1 1
2 6 2 2
1 7 2 1
1 8 3 2
11 2 1
11 4 2
7 10 1