# 0.00226
25
25
25
25
25
3 3 1 2 1
2 2 3 2 1 3 2
1 3 2 2 1 3 2
4 2 2 2 3 2
4 3 1 1 2 3 2
25
2 6 4 1 2
2 1 5 1 2 4 1 1
2 4 3 1 4 2
2 1 4 1 4 1 1
2 1 3 2 1 2
25
6 4 1 2
5 2 2 5 2 3
4 4 1 1 2 2 3
5 2 2 2 2 2 3
3 4 2 2
25
25
25
25
25
---
5 1 1 5
5 1 3 1 1 5 5
5 1 3 1 1 5 5
5 4 1 6 5
27
7 1 3 7
6 1 6 2 1 6
5 1 6 1 3 5
6 1 6 1 3 5
7 8 1 6
13 3 7
5 3 2 1 12
5 1 2 3 6
5 3 2 1 2 3 5
13 1 1 1 5
5 7 1 6
6 5 12
7 3 3 1 3 5
5 1 3 1 5
11 3 1 3 5
5 21
5 5 2 6
5 3 3 3 5
5 6 1 2 3 5
5 5 3 1 3 5