# 0.00558
40
1 1
40
1 1
1 1
2 2
3 3
4 4
6 6
9 9
10 10
12 12
12 12
13 13
13 13
14 14
14 14
14 14
14 14
15 15
14 14
13 13
13 13
14 14
15 15
16 16
17 17
18 18
18 18
15 15
15 15
15 15
16 16
16 16
15 15
16 16
15 15
15 15
16 16
16 16
16 16
15 15
10 10
9 9
8 8
---
45
1 1 40
1 1 39
1 1 38
1 1 37
1 1 37
1 1 36
1 1 36
1 1 35
1 1 33
1 1 31
1 1 31
1 1 29
1 1 6 19
1 1 1 18
1 1 4 2 1 3
1 1 3
1 1 2
1 1
1 1
1 1
1 1
1 1 2
1 1 3
1 1 4 2 1 3
1 1 1 18
1 1 6 19
1 1 29
1 1 31
1 1 31
1 1 33
1 1 35
1 1 36
1 1 36
1 1 37
1 1 37
1 1 38
1 1 39
1 1 40
45