# 0.02102
5 4
3 4
2 3
3
5 3
13 2
19 2
22 3
25 3
27 3
23 5 3
4 2 2 3 5 3
3 9
2 9
3 9
4 9
4 9
4 9
5 11
4 11
1 5 11
1 4 10
6 9
6 9
7 12
7 3 14
3 2 7 16
6 3 5 17
6 11 18
3 14 18
4 2 3 3 4 10
4 2 2 14
4 1 1 2 8
5 2 1 8
5 1 8
6 1 8
8 1 8
8 1 8
8 1 5 9
9 2 1 17
10 2 2 18
13 9 13
6 4 7 14
5 3 2 21
4 3 16 9
4 3 12 6 1
2 1 3 5 9
1 1 3 2 12
3 2 12
4 7 13
4 3 13
5 12
5 14
6 14
7 16
9 15
28 1
26 2
1 25 2
3 24 3
---
3 28 2
3 25 1
2 26 1
1 8 2 16
1 15 11
18 8
11 2 5 6
10 3 9 2
5 5 7
5 6 7
4 2 3 16
5 2 2 2 13
5 4 2 1 13
6 4 2 2 11
7 4 2 2 9
6 3 2 7
6 4 2 6
7 3 3 2 5
8 1 3 2 1 5
7 5 1 4
7 6 2 4
7 6 2 4
8 6 7 2 4
7 5 8 1 5
7 5 1 12 6
6 5 5 3 2 6
6 5 1 3 4 8
5 5 1 7 11
5 6 2 6 13
4 3 6 2 5 14
4 4 8 5 15
24 22
52
51
50
49
2 33 12
5 38 11 1
45 8 3
46 4 3 4