# 0.01081
22 17
22 17
4 15 17
3 2 32
7 5 1 1 10
8 30
5 2 12 17
4 3 12 17
3 4 12 17
3 4 12 17
3 2 12 17
3 1 31
3 4 3 2 4 1 2 3 7
3 4 5 1 1 2 2 6
3 3 2 1 2 1 1 2 1 1 1 2 2 3
3 3 1 2 2 1 1 2 2 2 1 1 2 2
3 3 1 2 1 1 1 1 2 2 1 2
2 3 1 1 2 1 3
1 37
40
---
20
18 1
17 1
3 4 2
2 4 3
2 3 2 9
2 2 4 8
3 6 5 2
4 4 2 2
5 1 6
13 1 2
14 2 2
17 2
12 1 3
4 12 2
4 11 2
4 7 3
4 8 6
4 8 2
4 12 2
4 8 3
12 2 2
1 1 1 4 2
13 2
4 7 1 2
4 7 1 2
4 11 2
4 9 1 2
4 7 3 2
4 8 1 2
15 2
16 2
12 1 2
13 2 2
15 2
17 2
14 1 2
15 3
20
20