# 0.01254
0
1 1
1 1
1 1
0
0
0
1 1 1 1 1
1 1 1 3
1 1 1 1
0
24
1 1 1 1
1 1 1 1 1 1
1 1 1 1 1 1
1 1 1 1 1 1
1 1 1 1
24
1 1 1 1
1 1 1 1 1 1
1 1 1 1 1 1
1 1 1 1 1 1
1 1 1 1
24
1 1 1 1
1 1 1 1 1
1 1 1 1 1
1 1 1 1 1
1 1 1 1
24
1 1 1 1
1 1 1 1 1 1
3 1 1 1 1
1 1 1 1 1
1 1 1 1
---
0
3 3
2
1
3 3 3 3
0
24
1 1 1 1
1 1 1 1
3 3 1 1 1 1
1 1 1 1
1 1 1 1
24
1 1 1 1
1 1 1 1
3 3 1 1 1 1
1 1 1 1
1 1 1 1
24
1 1 1 1
1 1 1 1
3 1 1 1 1
1 1 1 1
1 1 1 1
24
1 1 1 1
2 1 1 1 1
1 1 1 1 1
3 1 1 1 1
1 1 1 1