# 0.00443
2 7 2 7 9
2 7 2 7 9
2 3 3 3
2 2 2 3 3 3
2 7 2 3 3 3
2 7 2 3 9
2 2 2 3 9
2 2 2 3 3 3
2 7 2 3 3 3
2 7 2 3 3 3
0
40
40
40
40
40
40
40
40
6 3 4 5
6 4 1 2 4 4 4 5
7 3 3 2 4 4 4 5
8 1 4 1 4 4 4 5
9 4 1 4 4 4 5
9 4 3 4 4 4 5
3 9 4 4 4 4 5
3 7 4 4 4 4 5
3 6 4 5 4 4 5
3 10 6 4 4 5
3 10 7 4 4 5
3 11 8 4
9 8 9 9
8 6 9 9
7 2 4 9 9
6 4 2 1 9 9
5 2
40
40
40
40
---
2 7 8 15 4
2 7 8 15 4
8 15 4
6 2 8 5 4 4
6 2 8 6 5 4
2 2 2 8 7 6 4
2 2 2 8 13 4
2 2 2 9 11 5
2 6 11 9 6
2 6 12 6 7
11 7 7
10 9 6
9 4 5 4
8 4 7 4
2 7 8 4 9 4
2 7 8 2 4 4 4
9 4 4 4
11 4 4 5
2 12 2 4 6
2 8 4 4
10 8 15 4
10 8 15 4
10 8 15 4
2 8 15 4
2 8 4 4
19 4 4
19 4 4
19 4 4
19 4 4
10 8 4
10 8 15 4
10 8 15 4
2 2 8 15 4
2 2 8 15 4
2 2 8 4 4
10 19 4 4
10 19 4 4
10 19 4 4
19 4 4
19 4