# 0.01865
38
1 36 1
2 2
2 2
2 2
2 30 2
2 30 2
2 2
2 1 1 1 2
2 3 3 3 2
2 3 3 3 2
2 1 1 1 2
2 2
2 2
2 4 4 2
2 3 8 3 2
2 2 10 2 2
2 3 7 7 3 2
2 10 10 2
2 7 7 2
2 2
2 2
2 2
1 36 1
38
---
23
1 21 1
2 2
2 2
2 2
2 2 3 2
2 2 5 2
2 2 2 3 2
2 2 1 2 2
2 2 1 2 2
2 2 2 2
2 2 3 2
2 2 2 3 2
2 2 4 3 2
2 2 2 2 2
2 2 3 2
2 2 3 2
2 2 3 2
2 2 2 2 2
2 2 4 2 2
2 2 2 2 2
2 2 2 2
2 2 3 2
2 2 3 2
2 2 2 3 2
2 2 4 2 2
2 2 2 3 2
2 2 3 2
2 2 3 2
2 2 2 2
2 2 1 2 2
2 2 1 2 2
2 2 2 3 2
2 2 5 2
2 2 3 2
2 2
2 2
2 2
1 21 1
23