# 0.02575
45
4 4
2 2
2 2
1 1
1 1
1 3 3 3 3 1
1 5 5 5 5 1
1 3 3 3 3 3 3 3 3 1
1 3 3 3 3 3 3 3 3 1
1 3 5 5 5 3 1
4 3 3 3 4
1 1
1 1
1 11 15 1
1 13 15 1
1 3 3 2 2 1
1 3 3 2 2 1
1 2 2 2 2 1
1 3 3 2 2 2 1
1 2 2 2 2 2 1
1 2 2 2 2 2 1
1 2 2 2 2 2 1
1 2 2 2 2 2 1
1 19 2 9 1
1 19 2 9 1
2 2
2 2
4 4
45
---
30
4 1 4
2 2 2
2 3 2
1 3 7 1
1 3 9 1
1 3 4 2 1
1 2 3 2 1
1 3 3 2 1
1 3 2 2 1
1 3 2 2 1
1 3 2 2 1
1 2 2 2 1
1 3 2 2 1
1 3 2 2 1
1 3 2 2 1
1 3 2 2 1
1 2 2 2 1
1 3 3 2 1
1 3 3 2 1
1 3 4 2 1
1 3 9 1
1 2 7 1
1 3 1
1 3 1
1 3 1
1 3 12 1
1 2 12 1
1 3 2 1
1 3 2 1
1 3 2 1
1 3 2 1
1 2 2 7 1
1 3 2 7 1
1 3 2 2 1
1 3 2 2 1
1 3 2 2 1
1 2 2 2 1
1 3 2 2 1
1 3 12 1
1 3 12 1
2 3 2
2 2 2
4 1 4
30