# 0.05110
3 1 5 1 3
3 1 2 2 1 3
1 1 1 2 1 1
3 1 1 1 1 3
1 1 2 1 1 1
3 1 3 1 1 3
1 1 1 1 1 1
3 1 1 1 1 3
1 1 1 1 1 1
3 1 1 1 1 3
1 1 1 1
3 1 1 1 1 3
3 1 1 1 1 3
1 1 2 1 1 1
3 1 2 1 1 3
1 1 4 1 1
3 1 1 1 3
1 1 11 1 1
3 1 13 1 3
1 1 15 1 1
3 1 3 1 1 3
1 1 16 1
3 1 2 10 1 1 3
3 1 2 11 6 1 3
1 1 2 10 1 1 1
3 1 2 9 5 1 3
1 1 3 9 2 1 1 1 1
3 1 1 1 7 6 1 3
1 1 1 1 7 2 1 1
3 1 1 1 7 1 1 3
1 1 1 1 8 1 1 1
3 1 1 1 9 2 1 3
1 1 1 9 2 2 1
3 1 3 9 3 1 3
3 1 1 9 1 1 3
1 1 11 2 1 1
3 1 9 4 1 3
1 1 5 5 1 1 1
3 1 9 2 1 1 3
1 1 4 4 3 1 1
3 1 4 4 2 1 3
1 1 5 5 2 1 1
3 1 3 5 3 1 1 3
1 3 3 2 1 1
3 1 3 4 4 1 3
3 1 3 6 1 1 3
1 1 3 3 2 1 1 1
3 1 3 3 6 1 3
1 1 3 1 1 1
3 1 3 1 1 3
---
0
2 3 3 4 3 1 2 3 3 4 3 1 2 3
2 1 1 1 1 2 1 1 1 1 2 1 1 1 1 2 1 1 1 1 2 1 1
4 3 1 2 3 3 4 3 1 2 3 3 4 1
0
50
0
0
8
4 1
14
2 1
1 27
1 27
31
2 21
3 18 2
4 3 16 2 1
2 2 3 27
1 9 3 6 18
1 1 2 3 6 17
1 2 3 4 1 2 2
2 1 3 3 2 2 1
2 1 3 2 2 1 2
18 1 1 1 1 2 2
3 1 1 3 5 2 1
3 1 1 1 1 1 1 2 1 1
2 1 1 3 2 1 4 1
1 1 1 1 1 1 2 4
8 4 3
2 2
4
0
0
50
0
4 3 1 2 3 3 4 3 1 2 3 3 4 1
2 1 1 1 1 2 1 1 1 1 2 1 1 1 1 2 1 1 1 1 2 1 1
2 3 3 4 3 1 2 3 3 4 3 1 2 3
0