# 0.01972
25
1 1
1 1
1 1
1 1 1 1
1 3 3 1
1 1 1 1
1 1 1 1 1 1
1 2 2 2 2 1
1 2 5 2 1
1 2 2 1 2 2 1
1 11 1
1 2 2 1
1 11 1
1 2 5 2 1
1 5 5 1
1 2 11 2 1
1 1 2 5 2 1 1
1 1 2 1 1 1 2 1 1
1 1 1 1 1 1 1
1 3 1 3 1
1 3 3 1
1 7 1
1 11 1
1 2 5 2 1
1 1 1 1
1 1 1 1
1 1
1 1
25
---
30
1 1
1 1
1 1
1 4 3 1
1 2 2 2 1
1 1 2 1 3 1
1 2 6 2 1
1 10 1 1
1 2 4 2 4 1
1 4 2 9 1
1 1 1 2 2 4 1
1 3 2 5 3 1
1 1 1 2 2 4 1
1 4 2 9 1
1 2 4 2 4 1
1 10 1 1
1 2 6 2 1
1 1 2 1 3 1
1 2 2 2 1
1 4 3 1
1 1
1 1
1 1
30