# 0.01526
0
1 2 1 1 1
2 2 7 3
3 1 1 3 1 2 2
2 1 1 2 2 3
2 1 2 3 3 1
1 1 2 7 18
1 1 2 8 1 1
2 1 3 4 3 18
2 1 1 1 3 5
1 1 1 1 3 6
1 1 1 2 3 6
2 1 1 2 3 6
2 1 1 1 4 5 6
2 1 1 1 5 4 1 1
3 1 1 6 4 1 1
3 1 1 7 3 1 1
1 1 1 2 8 3 1 1
1 1 1 2 8 2 1 1
1 1 1 1 1 6 2 1 1
2 1 1 1 1 1 4 1 5 1 1
1 1 1 1 1 1 3 2 2 1 1
1 1 2 2 1 1 2 2 1 1
2 2 3 8 9 6
0
---
0
6 1
6 3 4
5 7
2 2 1
21
0
1 15
2 4 2
11 1
8 2
6
0
7 1
1 8 1
2 13 1
2 18
2 4 7 1
1 4 3 6 1
12 10
7 5 1
7 4
7 4
7 3
6 3
4 2
3 3 1
1 1 2
1 1 2
1 1 3
1 1 2 1
1 1 1 1
1 1 1 1
1 1 1 1 1
3 1 1 2 1
2 3 1 3
3 1 1 2
1 1 1
1 1 11
1 1 1 1
1 1 1 1
1 1 1 1
1 1 1 1
3 11
0