# 0.01233
19 4 3 3 22
21 4 3 3 20
23 3 3 2 2 13
23 2 2 11
14 5 2 7 9
12 4 11 8
11 2 14 7
10 9 2 8 2 6
9 2 6 7 2 6
8 2 5 13 2 6
7 2 6 3 6 3 1 5
7 9 2 6 5 2 5
6 2 5 2 2 15 2 5
6 2 5 4 3 2 5 2 1 4
5 5 3 4 1 2 5 4 4
5 8 1 2 2 3 3 3 3
5 2 7 3
4 1 3
4 1 3
4 1 3
---
20
20
20
20
17
14
12
10
9
8
7 1 1
6 2 2
5 2 3
5 2 2 1
4 1 2 2
4 1 4 1
4 1 6
4 1 6
4 1 6
4 1 4 1
4 2 1 2
4 3 2 2
1 4 2 3
2 3 3 2
2 9
3 9
2
1
0
1
2
3
3
1 3 9
2 1 8
2 7
2 7
1 8
1 9
1 6 1 1
2 6 2 2
2 6 4 1
3 4 1 6
7 1 6
2 4 1 6
2 3 1 3 1
2 3 2 1 2
3 2 1 2 1
3 3 2 3
4 3 2 1
4 2 4
5 2 2
6 1
7
10
13
15
20
20
20