# 0.00467
1 12 1
1 1 1 2 2 2
1 1 1 2 8 2 3
1 1 1 2 10 2 3
1 1 1 2 2 5 2 3
1 1 1 1 2 4 1 3
5 1 2 3 1 3
3 1 1 3 2 1 3
1 1 1 1 3 1 1 3
1 1 1 5 1 1 3
1 1 1 5 1 1 3
1 1 1 3 1 1 2
1 1 2 2 1 1
1 1 2 3 1 1
3 1 3 4 1 3
1 1 2 4 6 2 1 1
3 2 12 2 3
3 2 2 3
1 1 2 2 1 1
3 12 3
---
6
2 6
15 2 1
2 6
6
0
12
2 2
2 2
2 11 2
2 3 5 2
1 2 3 1
1 2 2 1
1 2 3 1 1
1 2 1 3 1 1
1 2 5 1 1
1 2 5 1 1
1 3 3 2 1
1 3 2 1
1 4 3 1
1 4 4 1
2 4 5 2
2 11 2
2 2
2 2
12
0
9 6
11 1 2 1
20