# 0.01309
30
3 25
2 25
2 25
2 10 13
1 8 11
2 6 10
2 5 9
2 3 8
3 4 9
3 3 9
3 4 9
3 4 10
4 4 10
4 4 11
4 1 2 11
4 1 3 11
5 1 1 1 11
5 1 1 1 9
5 1 1 1 9
5 1 1 1 1 6
4 1 1 1 6
4 1 1 1 6
3 1 1 1 6
3 1 1 1 3
2 1 1 1 3
2 1 1 3
1 1 3
1 1 3
1 1 3
2 1 3
1 1 2
1 1 1 2
1 1 1 2
1 1 1 1 2
1 1 1 2
1 1 1 2
1 1 1 1 2
1 1 1 2 2
1 1 1 2 1
1 1 1 3 1
3 1 3 1
3 2 3 1
3 2 4 1
3 2 5 1
6 1 7 2
6 2 11
6 2 11
6 2 11
30
---
50
5 21 1 9
2 16 18
1 10 5
1 4 16
6 8
8 1
10 4 1
15 1
26 1
8 8 1
7 3 5 4
6 5
5 1
5 1
4 1
4 1
5 1
5 1
6 13 5
7 6 6
8 15 7
20 13
20 12
35 10
24 5
24 4
31 4
39 5
50