# 0.02874
3 1 5 1 1 4 5
7 3 3 2 3
9 1 3 6 1
4 1 2 4 1 3 4 1
2 2 1 1 5 1
5 1 1 1 1 1 1 3 4
2 3 1 1 3 3 3
1 5 6 5 13 6 4
1 2 2 2 1 1 2 2 2 2 2 2
1 2 2 2 2 2 2 2 2 1
3 5 5 5 2 1
8 1 11 1 11 1 9 1
1 1 1 1 1 1 1 1 1 1 1 1 1
1 1 5 5 5 1 1
1 1 1 1 1 1 1 1 1 1
1 1 7 7 7 1 1
1 1 1 1
3 2 1
48 1
49
2
3 13 7 9 9 1 1
1 1 1 1 1 1 1 1 1 4
1 1 9 1 1 3 1 4 1 1 4 1 1
1 1 1 5 1 1 1 1 1 1 1 1 1 1 1 1 1 4
1 1 3 3 1 1 1 1 1 1 1 1 1 1 1 1 1
1 1 1 1 1 1 1 1 3 1 4 1 1 4 1 1
1 1 1 1 1 1 1 1 1 1 1 1 1 1 2
3 1 1 1 2 1 1 7 9 9 1 1
1 1 1 1 1 1 1 1 1 1 1 1 1 1 1 1 1 1 1 1 1 1 1 1
1 1 1 1 1 1 1 1 1 1 1 1 1 1 1 1 1 1 1 1 1 1 1 1
1 1 1 3 3 1 1 1 1 1 1 1 1 1 1 1 1 1 1 1 1 1
3 1 1 1 1 1 1 27 4
1 9 1 4
50
1 1 1 1 1 1 1 1 1 1 1 1 1 1 1 1 1 1 2
1 1 13 1 1 1 1 1 1 1 1 1 1 1 1 1 1 1
5 34
13 2
2 3 2
---
1 18 1 5 1 2
7 2 3 1 1 1 2 1
4 1 11 12 1 2 1
3 1 2 1 2 2 3
3 2 2 1 2 14 3
4 1 1 1 2 1 3 1
2 1 3 1 1 2 1 12 1 1
3 2 6 2 1 1 1 1 2 1 1
1 2 2 1 1 1 2 1 12 1 1
1 1 2 4 1 2 1 2 2 1 1
2 2 1 1 1 2 1 2 2 1 1
2 2 6 2 1 2 1 2 1 1
1 3 1 1 2 1 12 1 1
1 1 1 1 1 2 1 1 1 1 2 1 2
1 1 2 1 12 4
6 1 2 1 6
1 1 2 14 2
1 1 2 2 1
6 1 2 12 1 2
1 1 1 2 1 1 1 2 1
3 1 1 2 1 5 1 2
2 6 2 1 1 1 2 1
2 1 1 1 2 1 4 5 1 2
2 4 1 2 1 1 1 1 1 2 1
2 1 1 1 2 12 1 2
2 6 2 1 2 1
3 1 1 2 12 1 2
1 1 1 2 1 1 1 2 1
1 1 2 1 4 5 1 2
1 1 2 1 1 1 1 1 2 1
1 1 2 1 1 1 5 1 2
1 1 2 1 4 1 1 2 1
1 1 2 1 5 1 2
1 1 1 2 1 1 1 2 1
1 3 1 1 2 12 1 2
1 2 6 2 1 2 1
1 1 2 1 1 1 2 12 1 2
2 2 4 1 2 1 1 1 2 1
1 2 1 1 1 2 1 4 5 1 2
2 1 2 6 2 1 1 1 1 1 2 1
1 1 3 1 1 2 1 1 1 5 1 2
1 2 1 1 1 1 2 1 4 1 1 2 1
3 1 1 1 2 1 5 1 2
2 2 2 1 2 1 1 1 2 1
3 2 1 2 12 1 2
1 3 11 2 1
1 4 1 2 3 17
2 5 1 2 1 1 3 2
2 4 2 1 1 8 2
19 3 1 1 3 1