# 0.84267
9 16
7 20
5 24
4 25
3 27
3 29
4 30
6 38
45
45
35 8
32 7
5 22 7
21 7
19 6
22 1 5
26 7
3 23 1 8
2 22 2 8
20 3 1 9
12 2 2 3 9
1 8 6 1 3 9
1 9 1 3 2 4 9
2 9 3 3 4 9
2 10 4 6 9
2 11 5 6 5 1
2 9 5 6 4
2 6 6 3 5
3 6 10 5
3 6 12 6 1
3 5 9 10
4 5 1 3 1 2 10
4 10 4 1 10
5 11 4 11
5 12 4 11
6 13 3 11
7 13 2 12
7 14 11
8 11 10
8 8 8
---
13 19
13 17
13 12
4 7 4 9
3 6 6 7
2 5 8 5
2 4 5 9 4
1 13 10 2
1 28
13 15
15 16
25 7
19 3 7
21 1 7
22 8
22 8
24 9
24 8
24 7
21 7
20 6
20 3 6
31 4
21 10 4
20 11 2
14 5 11 1
14 6 6 3
13 4 1 3 4
13 3 6 3
12 3 7 2
12 17
11 11 1 1
10 10 1
9 5 1
9 2 2 5
6 2 12
5 20
5 23
7 25
8 24
19 11
18 10
18 10
18 10
19 11