# 0.02515
4 4
2 1 2 2
2 1 2 2 1 1
2 1 2 2 2 1
2 2 1 2 2 1
2 2 2 2 3 1
2 2 1 2 2 2
2 2 1 1 2 1
2 2 1 1 2 2
1 2 3 1 1
2 2 1 2 2
2 2 2 6
1 3 3 1 2
1 2 2 2 2
14 2
1 1 1 3 5
1 4
14 4
1 1 1 4
1 4
14 4
1 1 1 4
1 4
14 4
1 1 1 6
1 9
16 4
2 3 4
2 2 2 3
2 2 1 2 1 3
3 2 1 2 1 3
3 4 4 3
3 3 3
4 1 4
5 1 1 1 5
6 3 6
7 7
17
5 4
13
---
6
8
4 4 11
8 4 4 2 6
2 6 1 1 1 3 1 6
1 4 5 1 1 1 1 3 5
1 6 1 2 1 1 1 4 4
4 7 2 1 2 1 1 1 1 2 1
4 5 1 1 2 1 3 1 1 1
5 3 1 1 1 1 1 1 1 1
2 1 2 1 1 1 4 1 1
5 4 1 2 1 1 1 1 1 1
4 5 1 1 2 1 3 1 1 1
4 6 1 1 1 1 1 4 2 1
3 4 2 1 1 1 1 1 1 4
1 4 5 1 1 1 2 3 5
1 4 4 1 1 3 6
2 3 1 1 4 6
6 1 1 1 10
1 1 2 8
2 2 6
2 1
2 2
2 2
13
13
13
13