# 0.00783
2 2
2 2
1 3 3 1
2 4 11 3 1
2 20 2
1 19 3
2 17 3
3 15 4
4 13 5
3 12 4
3 2 10 2 3
2 3 8 2 2
3 2 8 2 3
3 3 6 2 3
3 2 2 4 2 1 3
4 2 2 2 2 1 4
4 3 2 2 4
4 3 2 5
5 3 2 2 3 5
6 7 7 6
7 5 4 7
11 9
10 4 5 8
9 2 3 3 2 7
8 2 2 2 3 6
7 3 5 2 5
6 3 3 3 5
6 2 3 5
5 3 2 4
5 2 2 4
---
9
12
15
1 2 18
2 2 20
2 24
2 5 7 1
2 3 4 5 2
3 1 7 3 3
4 4 3 2 4
4 2 3 1 3
5 3 3
7 2 2 2
8 2 2 1
10 2 2
11 3 3
12 2 3
14 2
14 2
12 2 4
11 2 4
10 2 2
8 2 2 1
6 2 2 2
4 3 3
3 2 2 3
3 1 4 3 1 4
3 3 6 3 3
2 5 5 3
2 20 1
2 24
1 4 18
15
13
9