# 0.01271
50
1 1 1
1 7 1 2 1
1 1 1 1 1 1 1 2 1 1
1 1 1 1 1 1 1 1 2 1
3 3 3 3 3 3 2 2 2 1 1
1 1 1 1 1 1 1 1 1 3 6 2 1
1 1 1 5 1 1 1 1 8 7 1
1 5 1 1 5 6 1
1 3 1 21 1
1 1 19 1
1 1 1 1 1 16 2
1 1 19 1
26 1
50
1 6 1 1
1 3 3 1 1 3 1
1 3 3 1 2 1 1 1 1
1 3 3 1 1 1 2 1
1 3 3 1 2 1 2 1
1 5 5 1 2 2 1
1 14 1 2 2 1
1 1 2 3 1 1 1 1 1
1 1 1 1 1 1 1 1 1 1
1 1 2 1 1 1 1 1
1 2 2 1 2 2 1
1 1 3 1 1 2 2 1
1 2 2 1 2 2 1
1 6 1 5 1
50
---
30
1 1 2 1
1 1 2 1
1 2 2 2 1
1 1 2 1
1 1 2 1
1 1 2 1 1
1 2 2 2 2 1
1 1 2 9 1
1 1 2 6 3 1
1 1 1 10 3
1 1 3 4 4 1 2
1 1 1 3 1 3 1 1 1 2
1 8 3 4 1 2
1 1 1 3 1 4 3 2
1 1 3 11 3
1 1 1 2 6 3 1
1 1 2 9 1
1 1 2 2 1
1 2 2 2 1 1
1 1 2 1
1 1 2 1
1 1 2 1
1 2 2 2 1
1 1 2 1
30
1 1 1
1 4 1 1
1 2 3 1 1 1
1 3 2 1 1 2 1
1 1 4 1 1
1 1 4 1 1
1 1 4 1 1
1 1 4 1 5 1
1 7 1 2 2 1
1 8 1 2 2 1
1 11 1 1 1 3
1 2 1 5 1 1 1 2
1 1 5 1 1 1 2
1 2 4 1 1 1 2
1 2 1 4 1 1 1 3
1 4 4 1 2 2 1
1 7 1 2 2 1
1 6 1 5 1
1 6 1 1
1 6 1 1
1 3 1 1 2 1
1 2 1 1 1 1
1 1 1 1
30