# 0.01343
4 3
2 2 2 2
1 1 1 2 2
1 2 4 1 1
2 4 2 1
5 2 2
3 3 2
3 4 8
3 4 12
1 2 2 2 4 3
1 3 2 3 2
1 4 2
1 3 2
2 3 2
2 3 2
3 2 3 2
3 2 8 1
3 2 3 3 1
3 2 2 2 1
3 2 2 3 1 1
3 2 2 5 2 1
3 2 2 2 2 1 1
3 2 2 2 1 2 1 2
3 3 2 2 2 1 2
4 3 2 2 3 2 3
4 3 1 2 1 2 3
4 4 2 8 3
4 6 5 3
5 6 3
4 6 6
5 12 2
6 8 3
6 2
8 2
31
---
3 14
1 2 18
2 1 27
1 2 4 10
1 5 7
2 3 2 5
4 1 4
3 2 4
8 3
2 3 2
2 1 21 2
1 2 21 1
2 1 4 6 1
2 2 2 4 1
4 2 4 3 1
2 12 1
2 3 5 1
2 2 2 4 1
2 2 4 3 1
2 2 2 3 2 1
2 1 2 2 2 1
2 2 2 1 1 2 2 1
2 2 2 4 2 1
2 2 5 2 2 1
2 2 3 2 3 1
2 2 2 2 1
2 2 2 2 1
2 3 2 2 1
2 5 3 1
2 5 1
2 3 2 1
2 3 1 1
2 3 2 1
2 3 3
8 2