# 0.00222
15 3 7 2
15 3 3 2 2
15 3 2 2
15 4 3 2
15 11 2
15
15 11 2
2 12 11 2
3 10 11 2
7 5 11 2
1 2 1 5 11 2
2 3 5 11 2
2 3 5
6 1 20
2 2 1 2 14
2 2 3 2 1 14
2 2 3 2 1 14
2 2 3 3 15
3 10
2 2 3 3 4 10
2 2 3 2 2 10
1 2 7 1
16 1 11
1 2
15 2 10
15 1 1
9 5 3 10
2 6 6 1 1
1 3 4 6 2 9
1 1 6 4 1 1 1
---
8 1 2 4 4 6
18 2 1 4
7 2 1 1 3 2
11 1 1 5
8 9 2 1 6
10 7 4 4 1
14 2 6
9 6 1 6
9 8 1 6
9 6 1 2 2
14 2 4
18 4 6
18 4 6
14 1 1 2 6
14 2 2 6
1 1 1 2 2
5 6 5 3 1 2
5 6 5 2 6
5 6 5 1 1 1 2
2 6 5 3 1 1
1 1 6 8 3 2 1
2 1 6 8 1 1 1 1
2 1 6 8 1 1 1 1
2 1 6 8 1 1 1 1
1 2 6 8 1 1 1 1
5 6 8 1 1 1 1
5 6 8 1 1 1 1
8 1 1 1 1
5 6 8 1 1 1 1
5 6 8 1 1 1 1