# 0.01663
5 4 3
5 3 3
4 3 4
3 3 3
4 4 4
1 1 1 1 1 1
1 1 1 1 1 1
1 1 1 1 1 1
1 1 1 1 1 1
1 1 1 1 1 1
1 1 1 1 1 1
1 1 1 1 1 1
1 1 1 1 1 1
1 1 1 1 1 1
1 1 1 1 1 1
1 1 1 1 1 1
1 1 1 1 1 1
1 1 1 1 1 1 1
1 1 1 1 1 1 1 1
3 1 4 1 12
2 1 1 1 1 1 1 1 1 2
2 1 1 1 1 1 1 1 3 3
2 1 2 1 2 4 2 1
2 4 4 3 2 1
2 2 1
30 1
1 1 1
1 1 1
1 1 1
1 4 9 1 1
1 1 1 1 1 1 1 1
1 4 9 1 1
1 1 1 1 1 1 1 1
1 4 4 9 1 1
1 1 1 1 1
1 1 1 1 2
1 1 2 1 2
1 1 1 3
31
0
---
0
0
0
15
3 1
1 2 1 5 1
2 2 1 1 1 1 1
2 2 1 1 1 1 1
3 2 1 5 1
3 1 1 1
23 1 6
3 1 1 1 1
2 1 1 1 1 1
1 20 1 6
1 1 1 1
2 1 1 1
21 1 1
4 1 1 1
3 1 1 1
1 20 1 1
2 1 1 5 1
3 1 1 1 1 1 1
23 1 1 1 1 1
3 1 1 1 1 1 1
3 1 1 5 1
17 1 1 1 1 1
1 1 1 1 1 1
6 1 1 1 1 1
1 2 1 5 1
7 1 1
1 2 1 1
1 1 2 1
1 16
1 2 2
1 2 2
3 2
17
0
0
0