# 0.02429
7 9
6 6
5 2 5
5 2 4
5 2 3 3
6 2 2 2 3
6 2 2 1 2
4 3 2 2
3 3 2 1 2
4 1 2 2 1
3 5 1 1
3 5 1 4 1
4 5 3 3 1
4 3 2 2 1
3 3 2 3 1 2
3 1 1 2 1 2
5 2 1 2 1 1
7 2 3 2 1
7 3 6 4 2
7 2 1 2 5 2 3 1
3 7 1 1 1 1 3
4 8 2 1 6
14 2 2 7
8 3 3 8
5 4 9
2 3 3 2 2 10
4 6 1 11
5 10 12
6 10 3 10
3 3 6 9
3 4 3 2 9
2 7 2 9
1 4 6 3 9
6 3 7 1 8
6 2 6 1 8
5 3 6 2 8
5 2 7 1 7
4 12 1 1 7
3 6 6 1 1 7
2 7 7 1 7
11 6 1 7
12 4 1 7
12 4 1 7
12 3 1 7
12 3 1 7
---
1 20
1 7 12
2 5 7 5
2 3 7 6
3 10 7
5 7 8
3 2 3 10
4 4 15
14 1 5 8
17 2 3 9
20 2 1 4 5
11 9 4 8 4
9 2 4 4 9
8 1 1 4 6 12
7 2 4 7 12
7 3 3 8 12
3 1 3 6 3 4 2 6
2 1 3 1 5 2 2 2
1 7 4 3 2 1 2 2
1 4 3 3 2
2 1 3 4 1 1
2 3 3 2 1
2 2 1 2 1 1
1 2 2 2 1 1 1 3
2 3 2 2 2 10
2 1 5 4
1 1 2 2 9
1 2 3 1 13
1 1 2 2 23
2 1 2 1 24
3 2 28
4 7 24
6 26
9 2 1 25
45