# 0.00812
6 20
22 5
7 13 4
7 8 3
6 11
7 7 2
6 9
6 8
6 7
7 6
6 10
7 6 3 5
7 2 2 5
8 2 3 5
8 4 5 5
8 1 2 1 1 2 2 5
9 6 6 5
7 1 5
7 1 5
7 5
7 5
7 1 5
7 3 5
8 5
8 1 5 6
8 10 6
7 1 7 2 2
6 2 5 1 3
6 1 2 2 1 2
6 1 2 2 2
6 1 2 3 3
7 3 4 3
7 3 6 3 3
7 3 3 3
7 3 7
12 7
12 7
12 7
13 7
10 4 7
9 5 8
8 2 2 9
6 1 5 3 7
4 2 2 12
2 8 2 7
---
29
32
33
35
36
38
24 11
16 3 1 1 7
17 1 6
10 3 9
7 12
6 1 1 1 11
4 1 2 1 3 1
3 1 3 3
1 1 3 4
2 1 1 1 1 1 2
2 2 2 1 5
3 1 1 2 1 2 1
3 4 1 3
3 4 1 2
3 1 4 1 1
3 3 1 4 1 1
3 1 2 2 4 1 1
4 2 1 1 2 2
5 1 3 1 2
6 2 3 1 3
7 1 2 1 4
8 1 3 1 2 1
9 1 1 1 17
1 9 21
2 24 15
3 22 1 11
5 20 1 15
45
45