# 0.00612
1 1 1 2 2 1 2 2
1 2 1 1 1 9 1 1
1 1 2 2 1 2 2
4 1 1 1 1 1 1 1
17
3
2 4
1 5 2 1
1 1 3 2
1 1 2 4 1 3
1 1 2 3 1 3
1 1 3 4 6
1 5 2 3 1 3
6 9 3 1 3
10 5 7 1 3
10 5 1 1 3 1 3
1 1 1 1 7 7 3 1 3
1 1 1 1 8 7 7 3
1 1 1 1 8 7 7 1
1 1 1 1 1 3 1 1 3 1 1
1 1 1 1 1 2 1 1 3 1 1
1 1 1 1 1 2 1 1 3 1 1
1 1 1 3 1 3 1 1 2
1 1 1 1 1 1 1 1
1 1 1 1
---
11
6 2
9
3 3
1 3
2 1 3
1 1 3
1 9
3 2
11
0
15
2 7
2 8
5 3 9
1 1 1 12
1 2 3 1 8
1 1 1 1 7
5 2 3 1
1 1 2
1 1 9
1 1 3
5 4
1 1 3
1 1 4
1 1 3
5 1 9
1 1 1 1 1 1
1 2 3 1 6
1 1 1 3 1 5
5 15
8
7
2
15
1
3 1
13 1
2 15
2 9