# 0.00878
1 6 1
1 6 1
13 2 1
1 6 3 1 1
1 6 1 2 1 4 2 2 1
1 6 1 1 1 1 6 1
13 4 4 1 1 1
6 21
6 2 2
2 2
8 2 2
1 1 21
1 1 1 1 1
1 1 1 1 1
1 1 19 1
1 25
1 1 1 1
1 1 1 1
9 1 1
4 1 1 2
1 1 1 3
1 1 1 1 2
1 1 1 1 2
1 1 1 1 1
1 1 1 1
---
1 1 1
1 1 1
7 1
1 1 7
1 1 9
1 1 1 1
1 1 1 1
9 1 1
9 1 1
9 1 1
9 1 1
9 15
9 1
1
1 9
7 2
1 2 1 2
1 2 1 2
3 1 2
1 1 1 2
1 1 1 2
1 1 1 11
5 1 2
1 2 1 2
1 2 1 2
6 1 2
1 1 1 2
2 1 1 2
4 1 2
1 1 1 2
1 1 1 2
4 1 2
2 1 5
5 1
16
10
2
2
2
2