# 0.00630
12 12
2 2 1 1
2 2 3 2 2 7
2 2 1 1 2
2 1 4 2 1 1 1
2 2 1 1 5
2 6 2 5 1 1
2 2 1 1 5
2 3 2 2 1 1 1
2 2 1 1 2
2 4 1 2 2 7
2 2 1 1
12 12
0
0
9
2 2
1 5 1 1
1 5 1 3
2 2 2 3
9 3 1
3 1 1 5
3 1 7
3 5 9
3 1 11
3 1 2 11
3 3 11
3 2 11
3 11
1 9
---
13 4
13 2 2
1 1 1 1
1 1 1 1 1 1 1 1 2 1
1 1 1 1 1 1 1 2 9
1 1 1 1 1 1 1 2 10
1 1 1 1 1 1 1 2 9
1 1 1 1 1 1 1 2 1
1 1 1 1 1 1 1 1 1
1 1 2 2
13 4 1
13 1
5
1 1
1 1
5 1
1 3
1 2 3
3 3 3
1 9 1 1 5
1 1 7
1 1 8
1 1 9
1 4 4 1 2 9
1 1 1 1 1 1 3 9
1 1 1 1 1 1 2 9
1 1 1 1 1 1 9
1 1 3 1 1 8
1 2 2 1 7
4 4 1 5