# 0.00691
27
27
4 3 1 1 2
3 2 5 3 1 3 2
2 27
2 27
7 3 1 1 2
6 2 5 3 1 3 2
2 2 1 1 1 5 3 1 3 2
5 1 3 5 3 1 3 2
6 2 1 3 1 3 2
7 1 5 1 3 1 3 2
5 1 1 5 1 3 1 3 2
3 6 1 3 1 3 2
4 3 1 1 2
27
27
0
2 2
2 2
5 3 2
1 2 1 1 1 1
1 1 1 1 1 1 1 1
1 2 1 2 2 3 3 2 2
1 1 1 1 1 1 1 1 1 1
1 2 1 1 1 1 1 5
1 2 2 1 2 1 3
1 1 1 1 1 1
1 1 1 3 1 1 1
4 3 3 7
---
13 2
13 2
4 2 4 10
3 13 1 1
2 13 1 3 1
3 4 2 4 1 1 4
7 2 2 3 2 2
6 2 5
2 3 2 2 3 4
2 5 2 4 4 1
2 14 4 2
2 3 3 2 1 2 1
2 3 3 3 2 4 2
6 3 3 2 2 4 1
2 2 3 3 2 2 4
2 3 3 2 1
2 14 3
2 3 2 1
2 2 7 2
6 7 2 7
2 2 7 2 1 1
2 3 2 1 1
2 14 3 1
2 3 2 2 1 1
2 2 7 2 1 1 1 1
6 7 2 4 1 3
6 7 2 2
2 2 1 1
13 1 1
13 2