# 0.00525
60
2 2 7 2 1 1 1 6 1
1 5 1 7 1 12 9 5 5 1
1 7 1 7 1 13 9 5 4 1
1 7 1 7 1 13 9 5 1 4 1
1 7 1 7 1 13 9 5 1 4 1
1 7 1 7 1 13 9 5 1 3 1
1 7 1 7 1 13 9 5 1 3 1
1 1 7 1 13 9 5 2 3 1
1 7 1 7 1 12 9 5 2 2 1
1 7 1 7 2 6 9 5 2 2 1
1 7 1 7 8 5 9 5 3 2 1
1 7 1 7 9 5 9 5 3 1 1
1 7 1 7 9 5 9 5 3 1 1
1 7 1 7 9 5 9 5 4 1 1
1 7 1 7 9 5 9 5 4 1 1
1 7 1 7 9 5 9 5 4 1
1 7 1 5 8 5 9 5 5 1
1 7 2 2 6 5 1 6 1
60
---
20
2 1
1 5 11
1 6 11
1 6 11
1 6 11
1 6 11
1 6 11
1 5 11
2 1
20
1 2
17 1
18 1
18 1
18 1
18 1
18 1
17 1
1 2
20
2 8 1
1 6 7 1
1 8 7 1
1 8 7 1
1 8 7 1
1 8 7 1
1 8 7 1
1 8 5 1
1 9 2
20
1 18
1 18
1 18
1 18
1 1
1 18
1 18
1 18
1 18
20
1 16 1
1 16 1
1 16 1
1 16 1
1 1
1 16 1
1 16 1
1 16 1
1 16 1
20
1 1
2 16
3 12
6 9
9 6
12 3
16 2
1 1
20