# 0.00901
6 10
1 2 2
2 2 2
1 1 1 1
2 1 1 1 3 6
2 1 2 3 1
1 2 1 1
1 2 3 1 6
1 1 1 1 1
2 1 1 1
1 1 1 2 1 6
1 2 1 3 1
3 2 1 1
1 1 2 1 1 6
4 2 1 1
2 2 3 1
1 2 1 1 6
1 1 2 1 1
3 2 1 1
2 2 1 1 6
1 2 1 1
1 2 1 1
2 2 1 1 6
1 2 1 1
1 2 1 1
2 2 1 1 6
1 2 1 1
1 2 1 1
6 1 6
5 1
3 1
3 1 6
2 1
2 3 1
10 3 6
1 5 1 1
1 5 2
2 6 2
2 7 10
2 8
---
5
2 4
3 3
3 2 6 2
1 2 2 5 1 3
1 2 2 4 4
1 4 4 1 1
1 17 2 6
2 20 6
2 2 17
4 1 1 1 12
7 15 6
6 1 3
4 4 2
2 1 1 2
2 2 2 2
1 2 2 1
1 31 1
1 1
1 1 1 1 1 1 1 1 1 1 1 1 1
1 1 1 1 1 1 1 1 1 1 1 1 1
1 1 1 1 1 1 1 1 1 1 1 1 1
1 1 1 1 1 1 1 1 1 1 1 1 1
1 1 1 1 1 1 1 1 1 1 1 1 1
1 1 1 1 1 1 1 1 1 1 1 1 1