# 0.00374
2 2
2 14 2
2 14 2
2 2 2 2
2 2 2 2
2 2 10 2
2 2 10 2
2 2 2
2 2 2
2 17
2 17
2 2
2 2
17 2
17 2
2 2 2
2 2 2
2 10 2 2
2 10 2 2
2 2 2 2
2 2 2 2
2 14 2
2 14 2
2 2
20
20
2 2
2 6 6 2
2 6 6 2
2 2 2 2 2 2
2 2 2 2 2 2
2 2 2 2
2 2 2 2
9 9
9 9
2 2 2 2
2 2 2 2
2 2 2 2 2 2
2 2 2 2 2 2
2 6 6 2
2 6 6 2
2 2
---
42
42
2 2 2
10 2 6 2 4 2 4
10 2 6 2 4 2 4
2 2 2 2 2 2 2 2 2
2 2 2 2 2 2 2 2 2
2 2 2 2 2 2 2 14
2 2 2 2 2 2 2 14
2 2 2 2 2 2 2
2 2 2 2 2 2 2
2 2 2 2 2 2 2 14
2 2 2 2 2 2 2 14
2 2 2 2 2 2 2 2 2
2 2 2 2 2 2 2 2 2
6 2 10 2 4 2 4
6 2 10 2 4 2 4
2 2 2
42
42