# 0.00614
1 1
1 1
16 1
1 1
1 22
1 13 1
1 1 1
1 1 21
1 17
1 2 20
1 2 1
1 2 9 1
1 2 1 1 17 1
1 2 1 7 17 1
1 2 1 1 1 1
1 2 1 1 1 1
1 2 1 1 5 20
1 2 1 1 5
1 2 1 1 1 2
1 2 1 1 1 2 21
1 2 1 1 1 2 21
1 2 1 1 1 2 1
1 2 1 1 1 2 1
1 2 1 1 1 2 1 15 1
1 2 1 1 1 2 1 1 1
1 2 1 1 1 2 1 15 1
1 2 1 1 1 2 1 2 1
1 2 1 2 1
1 2 1 2 5
33 1
---
28
1 1
1 1
1 22 1
1 1 19 1
1 1 1 1
1 1 1 1
1 1 1 16 1
1 1 1 1 1
1 1 1 1 14 1
1 1 1 1 1 1
1 1 1 1 1 1
1 1 1 1 1 11 1
1 1 1 1 1 2 1
1 1 1 1 1 2 1
3 1 1 3 14
1 14
1 1
5 1 1
1 3 5 2 7
1 1 1 2 1 2 1
1 1 1 2 1 2 1
1 1 1 2 1 2 7
1 1 1 2 1 2 1 5
1 1 1 2 1 2 1 1 1
1 1 1 2 1 2 1 1 1
1 1 1 2 1 2 1 1 1
1 1 1 2 1 2 1 1 1
1 1 1 2 1 2 1 1 1
1 1 1 2 1 2 1 1 1
1 1 1 2 1 2 1 1 1
1 1 1 2 1 2 1 1 1
1 1 1 2 1 2 1 1 1
1 1 1 2 1 2 1 1
1 1 1 2 1 2 1 1
1 1 1 2 1 2 1 1 2
1 1 1 1 2 1 1 1
1 1 1 1 2 1
1 1 8 2 1
4 10