# 0.00704
0
9
1 2
1 2 1
4 1 2 1
2 1 3 1 13 13
2 1 2 1 2 1 1 1 1 1 1 1 1
2 5 1 3 1 1 1 1 1 1 1 1
9 2 1 4 1 1 1 1 1 1 1 1
16 5 13 13
16 11 13 13
3 7 2 2 3 2 2 5 2 2 5 2
2 2 5 2 1 1 2 1 2 1 1 2 3 2 1 1 2 3 2 1
4 4 4 4 4 4 4 4
2 2 2 2 2 2 2 2
---
0
0
0
4
1 5
8 1
7 3
1 3 3
4 1
5
5
5
12
1 1 4
1 1 1 3 1
1 8 3
1 8 3
1 3 1
12
2
1 3
2 1
1 3
1 3
2 1
3
3 1
3 3
4 3
6 1
7
0
8
1 3 1
1 2 3
1 2 3
7 1
1 4
1 4
1 4
7 1
1 2 3
1 2 3
1 3 1
8
0
8
1 3 1
1 2 3
1 2 3
7 1
1 4
1 4
1 4
7 1
1 2 3
1 2 3
1 3 1
8
0