# 0.00544
28 10
27 2 9
26 8
16 6 4 8
16 2 1 1 8
4 2 1 2 1 4 8
1 4 5 2 2 1 1 8
1 1 1 2 1 2 1 4 8
1 1 1 5 2 2 1 1 2
1 1 1 2 1 2 1 4 2 1 1 1
1 1 1 5 2 2 1 1 2 1 1 1
1 1 1 2 1 2 1 4 1
1 1 1 5 2 2 1 1 1 2 1 1
1 4 2 1 2 1 4 1
7 5 2 2 1 1 1 2 1 1
7 2 1 2 1 4 1
15 1 1
21
0
0
---
5 1 1 1 3
5 1 1 1 1 2
5 2
16
7 3
7 3
17
5 1
5 1 1 1 1 1 1
5 1 1 1 1 1 1
5 1 1 1 1 1 1
5 1 1 1 1 1 1
5 1 1 1 1 1 1
5 1
17
17
3 1
3 1 1 1 1 1 1 1
3 1 1 1 1 1 1 1
3 2
18
4 1
4 1 1 1 1 1 1 1
4 1 1 1 1 1 1 1
4 1
18
2 1
1 1 1 1 1 1 1 1 1
1 1 1 1 1 1 1 1 1
1 1 1 1 1 1 1 1 1
1 1 1 1 1 1 1 1 1
2 1
18
11 1
8 1 1 1
8 2 1 1 1
8 1
8 2 1 1 1
8 1
8 2 1 1 1