# 0.01267
12 11 4
11 13 5
10 14 4
9 14 5
8 14 1
7 5 7 1
6 1
5 18
4 19
3 2 16
2 2 15
1 2 14
5 2 2 13
7 2 4 12
2 2 2 6 11
2 2 2 6 10
2 4 4 9
2 3 2 8
2 29
2 2 1
2 3 1
9 1 1
7 1 1 5
5 1 1 1 1
5 1 1 1 1
5 1 9 1 1 1
5 1 1 1 1 1 1
5 1 1 3 1 1 1 1
5 1 1 1 1 1 1 5
5 1 1 3 1 1 1 1
5 1 1 1 1 1 1
5 1 1 1 1 1 1 1
5 1 1 1 1 1 1
5 1 1 1 1 5
5 1 1 3 1 1
7 1 1 1 1 1 1
9 1 1 1 1 1 1
40
18 15
40
---
12 4 3
11 6 3
10 2 2 4
9 2 2 5
8 2 19
7 2 19
6 2 19
5 2 19
4 2 19
3 2 2 5
2 2 2 4
1 6 3
24
3 3
2 1 3
2 1 3
2 1 3
2 1 3
2 1 13 1
4 2 2 1 1 1 1
5 2 4 1 1 1 1
6 2 7 1 3 4 1
6 2 7 1 1 1 1 1 1
6 2 4 1 1 3 4 1
5 3 2 1 1 1 1 1
6 4 1 1 3
6 5 1 15
6 6 1 3
6 7 1 3
6 8 1 3
6 9 1 3
6 10 1 3
4 33
12 3
12 3
1 16 12 3
4 12 1 1 1 3
4 12 1 1 1 3
4 12 1 1 1 3
4 12 12 3