# 0.19675
7
9
11
13
15
10 4 8
3 4 4 3 3
1 2 3 2 2 2 1
1 2 3 3 2 1
1 2 2 2 2 1
1 1 2 7 2 1
1 1 2 5 2 1
1 2 2 2 1
1 2 1 8 2 1
1 2 1 6 4 1
1 2 1 1 1 1 2 2 1
1 4 1 1 1 1 2 1
1 5 1 1 1 2 1
1 1 3 1 1 1 2 1
1 3 1 1 3 1
4 2 1 1 2 4
4 1 1 1 5
4 1 1 5
6 1 1 7
6 1 1 7
6 1 1 6
5 1 1 5
6 6
14
6
---
16
2 2
3 7 6
1 2 7 7
1 2 2 7
3 2 7 7
5 2 5 6
7 2 6 6
9 2 2
6 3 17
5 2 2 2
7 2 2 2
8 2 2 2
8 2 2 2
7 2 17
5 3 2 2
5 2 2 6 6
7 2 2 2 6
5 2 2 2 8
3 2 6 7
1 2 4 7
3 6
2 5
16