# 0.00565
0
46
1 1
1 46 1
1 48 1
1 50 1
1 52 1
1 5 5 1
1 4 44 4 1
1 1 3 3 1 1
6 7 7 6
9 9
48
9 1 1 1 1 1 1 1 1 1 12
11 2 2 2 2 2 2 2 2 2 13
12 1 1 1 1 1 1 1 1 1 14
14 2 2 2 2 2 2 2 2 17
12 2 2 2 2 2 2 2 2 2 16
12 1 1 1 1 1 1 1 1 1 15
56
3 4
3 5 5 5 5 5 5 5 4
3 1 1 1 1 1 1 1 1 1 1 4
3 1 1 1 1 1 1 1 1 1 1 4
3 1 1 1 1 5 1 1 1 1 1 1 4
3 5 5 2 5 4 1 1 5 4
3 1 1 1 1 1 1 1 1 1 1 4
3 1 1 1 1 2 1 1 1 1 1 4
3 1 1 1 1 1 1 1 1 1 1 4
3 5 5 1 5 5 5 5 4
---
0
4
1 1 14
1 2 1 15
1 3 1 16
1 4 1 7
1 5 1 8 9
1 5 1 9 1 1 1
1 4 1 10 1 1 1
1 4 1 10 1 1 1
1 4 12 9
1 4 12
1 4 12 9
1 4 1 10 1 1 1
1 4 1 3 3 1 1 1 1
1 4 1 2 2 1 1 1 1
1 4 1 3 3 1 5
1 4 1 1 3 1
1 4 1 1 2 1 1
1 4 1 3 3 1
1 4 1 1 3 1 1 3
1 4 1 1 2 1 1 3
1 4 1 3 3 5
1 4 1 1 3 1
1 4 1 1 2 1 1
1 4 1 3 3 1
1 4 1 1 3 1 1
1 4 1 1 2 1 1
1 4 1 3 3 1
1 4 1 1 3 1
1 4 1 1 2 1 5 1
1 4 1 3 3 1 1 1
1 4 1 1 3 1 1 1 1
1 4 1 1 2 1 1 1 1
1 4 1 3 3 1 5
1 4 1 1 3 1
1 4 1 1 2 1 1 1
1 4 1 3 3 1 1 1
1 4 1 1 3 1 1 1 1
1 4 1 1 2 1 1 1 1
1 4 1 3 3 9
1 4 1 1 3 1
1 4 1 1 2 1 9
1 4 1 8 1 1
1 4 1 9 1 1
1 4 1 10 1 1
1 4 1 10 9
1 4 12
1 4 12 5 1
1 4 12 1 1 1
1 4 1 10 1 1 1
1 4 1 10 1 1 1
1 5 1 9 9
1 5 1 8
1 4 1 17
1 3 1 16
1 2 1 15
1 1 14
4
0