# 0.01678
3 3
10 2 2
16 2 2
20 2 2
32 2
7 20 2
6 2 6 2
6 10 7 3 3 4
6 12 2 1 16
3 3 2 3 2 3 1 14
2 3 2 6 2 2 1 2 2 3
1 4 2 1 1 2 5 2 3 3
1 4 2 1 2 1 2 2 2 3 3 2
1 4 2 1 1 1 2 8 2 2 2 2
1 4 2 4 1 2 9 2 2
1 4 2 1 2 1 2 3 2
1 4 9 2 1 4 2 3 2
1 4 8 2 1 1 1 1 2 2 4 2
1 4 3 1 2 1 1 4 1 1 1 1
1 3 6 3 1 1 1 1 2 1 1
1 2 2 2 3 6 1 1 1 1 7
1 2 2 1 2 3 5 1 1 1 1 4 2
2 2 2 3 8 1 3 1 2
2 1 1 19 1 2
3 2 23 4 3
3 2 6 7 14
2 2 6 2 14
1 2 6 2 12
2 6 2 5 7
2 5 3 4 10
2 1 3 4 10
2 3 3 3 8
7 4 2 6
6 8
7
---
19
3 5
3 2
3 12
20
15 3
15 3 2
4 6 2
4 6 1 1 2
3 10 1 2 2 2
4 3 2 1 1 3 2
4 2 2 4 4 2
4 2 5 2 3 6 2
4 2 1 1 2 7 2
4 2 1 1 1 2 8 3
4 2 1 3 2 4 8
4 2 1 2 5 3 3
4 2 7 6 2 2
4 2 3 3
4 3 3 3
4 11 3
4 8 3
4 3
4 3 7 3
4 5 2 2 3
4 1 1 2 3 2 3
3 1 1 1 2 1 1 2 3 3
3 1 1 1 2 1 2 8
2 1 3 2 6 4 2
2 1 2 2 2
2 17 1 1
2 7 3 2
6 5 5 1
8 2 1 7 2
2 2 3 5 2 3 7 3
2 2 9 2 4 2 2
1 2 4 3 9 2 2
1 3 2 1 3 3 1 2
2 2 2 2 4 4
2 2 2 2 2 5 3
2 2 1 2 6 2
5 1 2 6
1 4 2 2 2 7
1 3 2 2 3 4
2 2 1 2 7 5
2 5 2 5 4
2 10 4
6 6 4
4 4
3