# 0.00606
4
6
6
6
4 6
5 6 3
6 6 5
6 6 5
6 6 5
6 6 6
6 6 5
6 6 5
6 6 6
6 6 6
6 6 7
2 6 6 6
4 6 6 6
5 6 6 6
5 6 6 7
5 6 6 6
5 6 6 6
5 6 6 7
5 6 6 7
6 6 6 7
5 5 6 7
5 6 7 7
5 21
4 21 2
5 20 3
5 19 4
25 5
25 5
25 6
25 5
25 6
24 7
32
32
32
30
30
29
29
28
28
27
27
26
26
24
24
22
21
21
20
---
0
8
12
15
19
22
26
23
18 24
24 25
51
51
51
50
30
29
30
54
55
55
55
55
54
29
32
34
37
41
43
20 16
20 15
18 14
14 13
10 13
4 13
12
11
9
6
0