# 0.00821
11
19
25
1 27
2 28
2 29
2 30
2 31
2 32
2 32
2 33
2 33
2 19 11
2 19 11
2 4 15
2 3 15
1 1 14
1 1 14
1 1 14
1 1 14
1 1 3 14
1 1 1 3 14
1 1 3 2 14
1 1 4 1 14
1 1 5 14
1 1 4 14
1 1 13
1 1 13
1 1 13
1 1 13
1 1 13
2 1 13
3 2 14
4 3 2 10
4 21 10
3
3 32
9 12
8
6
---
6
8
12 9
32 3
3
10 21 4
10 2 3 4
14 2 3
13 1 2
13 1 1
13 1 1
13 1 1
13 1 1
13 1 1
14 4 1 1
14 5 1 1
14 1 4 1 1
14 2 3 1 1
14 3 1 1 1
14 3 1 1
14 1 1
14 1 1
14 1 1
14 1 1
15 3 2
15 4 2
11 19 2
11 19 2
33 2
33 2
32 2
32 2
31 2
30 2
29 2
28 2
27 1
25
19
11