# 0.00948
1 1 1 1 1 1 1 1
1 1 1 10 1 1 1 1 1
1 1 1 10 1 1 1 1
1 1 1 10 1 1 1 1 1
3 1 1 10 1 1 1 3
1 1 1 10 1 1 1 1 1
1 1 1 1 1 1 1
1 1 18 1 1
1 1 1 1 1 1
11 11
20
1 1 1
9 1 1 1 1 1
1 1 1 1 3 1 1
1 1 1 1 5 4
1 1 1 1 3
3 3 16 1
5 3 1 1 4
3 3 1 1 1 4 1 1 1 4
1 1 1 4
40
13 13
1 1 1 10 1 1 1
1 1 1 1 1 1
1 1 1 10 1 1 1
1 1 1 10 1 1 1
1 1 1 10 1 1 1
3 1 1 10 1 1 3
1 1 1 10 1 1 1
1 1 1 10 1 1 1
1 1 1 1 1 1
1 1 16 1 1
1 1 1 1 1 1
1 1 1 1 1 1
40
2 4 4 4 4 4 4 4 2
1 4 5 4 4 4 5 4 1
4 5 5 4 5 5 4
0
3 6 6 4 6 6 3
---
1 2 3 1
1 1 1 2 2 1 1
1 1 3 2 1 2 1
1 1 10 1 4
10 1 3 18 1
1 1 1 1 2 1 3 1
1 1 2 2 1 1
1 1 3 2 1 2 1
1 7 2 4 1
10 1 3 2 4 1
2 18
9 1 2 3 1
1 1 19 1 1
5 1 7 1 1 4 1
5 1 1 1 1 1 1 4 1
5 1 1 1 1 1 6 1 4 1
5 1 1 1 1 1 1 6 1 4 1
5 1 1 1 1 1 6 1 1
5 1 1 1 1 1 1 6 1 4 1
5 1 1 1 1 1 1 6 1 4 1
5 1 1 1 1 1 1 6 1 4 1
5 1 1 1 1 1 1 6 1 4 1
5 1 1 1 1 1 6 1 1
1 1 1 1 1 1 6 1 4 1
8 1 1 1 1 6 1 4 1
1 1 1 1 1 1 4 1
2 1 1 1 7 1 1 4 1
1 1 19 1 1
9 1 2 3 1
2 18
10 1 2 4 1
1 3 2 4 1
1 5 2 1 2 1
1 3 2 2 1 1
1 1 1 2 1 3 1
10 18 1
1 1 1 5 1 4
1 3 5 1 2 1
1 1 5 2 1 1
1 4 5 3 1