# 0.00455
50
9 8 9 2
8 6 7 1
8 4 6 4 6 3 1
8 5 6 6 6 5 1
8 6 6 6 6 5 1
8 6 6 6 6 5 1
8 14 14 4 1
2 1 1 1 1 1 1 2
1 1 1 1 1 1 1 3
1 4 14 14 8
1 5 6 6 6 6 8
1 5 6 6 6 6 8
1 5 6 6 6 6 8
1 5 6 6 6 6 8
1 12 14 16
1 1 1 1 1 2
2 1 1 1 1 1
16 14 12 1
8 6 6 6 6 5 1
8 6 6 6 6 5 1
8 6 6 6 6 5 1
8 6 6 6 6 5 1
8 14 14 4 1
2 1 1 1 1 1 1 1
1 1 1 1 1 1 1 2
1 4 14 14 8
1 5 6 6 6 6 8
1 5 6 6 6 6 8
1 5 6 6 6 6 8
1 5 6 6 6 6 8
1 12 14 16
1 1 1 1 1 2
2 1 1 1 1 1
16 14 12 1
8 6 6 6 6 5 1
8 6 6 6 6 5 1
8 6 6 6 6 5 1
8 6 6 6 6 5 1
8 14 14 4 1
3 1 1 1 1 1 1 1
2 1 1 1 1 1 1 2
1 4 14 14 8
1 5 6 6 6 6 8
1 5 6 6 6 6 8
1 5 6 6 6 6 8
1 3 6 4 6 4 8
1 7 6 8
2 9 8 9
50
---
50
9 8 9 2
8 6 7 1
8 4 6 4 6 3 1
8 6 6 6 6 5 1
8 6 6 6 6 5 1
8 6 6 6 6 5 1
16 14 12 1
2 1 1 1 1 2
1 1 1 1 1 3
1 11 14 16
1 5 6 6 6 6 8
1 5 6 6 6 6 8
1 5 6 6 6 6 8
1 5 6 6 6 6 8
1 4 14 14 8
1 1 1 1 1 1 1 2
2 1 1 1 1 1 1 1
8 14 14 4 1
8 6 6 6 6 5 1
8 6 6 6 6 5 1
8 6 6 6 6 5 1
8 6 6 6 6 5 1
16 14 12 1
2 1 1 1 1 1
1 1 1 1 1 2
1 12 14 16
1 5 6 6 6 6 8
1 5 6 6 6 6 8
1 5 6 6 6 6 8
1 5 6 6 6 6 8
1 4 14 14 8
1 1 1 1 1 1 1 2
2 1 1 1 1 1 1 1
8 14 14 4 1
8 6 6 6 6 5 1
8 6 6 6 6 5 1
8 6 6 6 6 5 1
8 6 6 6 6 5 1
16 14 12 1
3 1 1 1 1 1
2 1 1 1 1 2
1 12 14 16
1 5 6 6 6 6 8
1 5 6 6 6 6 8
1 5 6 6 6 6 8
1 3 6 4 6 4 8
1 7 6 8
2 9 8 9
50