# 0.00512
8 3 17
7 5 16
8 5 3 8
5 4 4 5
2 4 7 3 4
1 3 8 3 1 3
1 1 2 1 3 2 1 2
3 2 2 2 2 1 1
1 2 2 1 1 2 1 1
2 2 2 3 1 1
1 1 2 4 2 1
1 2 4 4 2 1
1 1 5 6 1 1
1 2 6 2 4 2 1
1 2 4 2 7 2 1
1 2 7 1 1 1 1
1 2 1 1 1 1 1
1 2 1 1 1 2 1 2 1
1 1 2 1 2 4 2 1 1
1 2 3 1 3 7 1 1
1 1 12 4 2 1
2 2 5 4 1 2 2 2
1 2 4 3 1 2 1 1
1 1 1 2 2 1 2 1 2
2 1 2 1 2 2 2 3
3 2 1 2 2 1 1 4
4 5 2 1 1 2 5
5 13 6
9 7
30
---
8 13 7
5 3 2 6
4 3 5 1 5
4 1 9 1 4
4 1 3 3 1 3
3 1 2 2 2 2
3 1 2 3 3 1 2
1 1 1 2 3 3 3 2
1 3 6 4 1 2
3 1 7 2 4 2 1
3 1 8 5 1 1
6 2 3 1 3 2 1 1
7 4 3 3 1
1 4 2 4 2 1
2 4 4 1 1
3 3 4 1 1
3 1 2 4 3 1
3 1 2 4 5 2 1 1
2 1 1 6 4 2 1 1
2 1 1 4 1 3 2 2 1
2 1 2 9 3 1 1 1
2 1 1 5 3 1 2 1
3 1 1 3 3 2 1 1
3 1 2 2 3 2 1 2
3 1 3 3 2 1 3
4 1 2 2 1 4
5 1 4 4 1 5
6 2 5 2 6
7 2 4 7
9 7 8