# 0.00259
1
2
2
2
30
4 8
5 3 5 2
6 3 5 2
2 3 2 2 3
30
2 3 4 3
2 2 3 3 2
4 3 2
6 3
30
2 2 3
2 2 3
2 7 3
2 1 6 3
30
2 4 2 3
2 2 1 3
1 2 2 3
2 2 2 3
30
2 3
2 2 3
2 1 3
4 2
3
---
1 1 1 5 1
1 1 1 9
1 1 3 1 2
1 1 3 4 1
1 1 2 1 2 1
27
30
4 1 3 3 1 2
11 3 1 1 2
1 6 1 4 3 3
1 4 1 7
1 1 1 1 1
1 1 1 1 1
1 3 1 1 1
1 6 1 1 1 1
1 2 3 1 1 1 2
3 4 1 1 1 2
2 3 1 1 4
2 1 1 1 3
2 1 1 1 3
3 1 1 1 3
4 1 1 6
4 1 1 4 1
7 1 6 1
1 14 1
1 13 1
1 1 5 1 1
1 1 1 1 1
1 2 1 2 1 1 1
1 2 1 2 1 1 1