# 0.00376
4
8
1 2 1 7
2 3 2 3 3 3
9 2 1 1 4 3
6 1 1 10
6 1 2 7
2 6 5
1 10 10 1
2 2 2 2
2 2 3 2
26
1 3 2 3 1
2 3 2 3 2 1
2 2 3 3 2 3
4 10 2 3
2 2 1 1 1 3 2
1 1 2 1 1 1 4 1 4 1
5 1 3 3 1 2 2
3 1 1 5 1 2 1 3
1 2 11 2 1 2
1 1 2 12 6
4 12 4
3 13 2
1 1 1 13 1 1 1
3 2 6 6 2 1 3
5 6 6 7
4 4 5 6
2 5 5 4
1 5 4 1
---
2 1 1 1 1 2 1 3
5 3 2 2 2 3
3 2 1 15
5 1 2 2 2 3
5 1 2 2 2 3
5 1 1 2 2 2 2
5 1 1 1 1 2 2
2 1 1 7
1 1 1 10
1 19
2 8 10
1 1 9 1 8
7 1 1 9
3 1 1 3 10
3 1 3 1 9 2
3 1 1 2 1 1 11
4 10 2 10
6 8 2 10
2 1 18
1 1 1 7
2 1 1 1 1
4 1 1 2 2
6 1 3 3 3
6 1 3 3 4
4 1 3 3 3
5 1 13
4 3 3 2 3
4 1 1 1 3 3 3
3 2 3 3
1 2 3 2