# 0.00160
1 1 1 1 1 1
1 1 3 3 1 1
2 3 4 3 2
1 3 4 3 1
1 14 1
4 1 1 1 1 4
1 1 1 1 2 1 1 1 1
1 1 1 2 2 1 1 1
1 1 1 4 1 1 1
1 2 1 1 2 1
1 4 1
16
1 1
1 1
1 16 1
1 1
1 16 1
1 1
1 14 1
1 1 1 1
1 1 12 1 1
1 1 1 1
1 1 12 1 1
1 1 1 1 1 1
1 1 1 6 1 1 1
---
2 1 1 11
4 4 1 1
1 1 1 1 1 1 6
1 6 1 1 1 1
1 3 1 1 1 1 1 3
6 1 1 1 1 1 1
4 1 1 1 1 1 1 1
2 4 1 1 1 1 1 1 1 1
4 2 2 1 1 1 1 1 1
3 1 1 2 1 1 1 1 1 1
3 1 1 2 1 1 1 1 1 1
4 2 2 1 1 1 1 1 1
2 4 1 1 1 1 1 1 1 1
4 1 1 1 1 1 1 1
6 1 1 1 1 1 1
1 3 1 1 1 1 1 3
1 6 1 1 1 1
1 1 1 1 1 1 6
4 4 1 1
2 1 1 11