# 0.00686
35
2 1 2 2 2 3 1 2 1 1 4
1 2 1 1 4 2 1 2 1 1 1 2
1 1 3 3 1 4 1 2 1 1 4
4 4 1 1 1 1 1 2 1 1 5
4 1 1 1 3 2 6 1 2
1 1 2 2 3 1
4 7 7 1 2
2 3 3 3 2 3
2 2 2 2 2 2 2 2
4 6 1 6 2 1
3 3 4 1 3 4 4
2 1 4 1 4 1 2
3 1 4
5 1 1 1 1
2 1 1 1 4
2 2 1 4 1
1 1 2 1 3 1
1 1 1 2 2 3 3
2 1 1 6
4 1 3 3
3 1 3 3 1 2 1
2 3 9 1 5
1 2 1 11 7
5 1 3 3 2 4
6 11 1 2 2
2 2 2 5 3 9
5 1 7 3 2 1
2 3 1 2 2 2
2 4 1 2 3 2 1 1
4 3 1 2 5 3 4
4 4 4 1 2 1 5
4 1 3 9 7
14 10
13 1 1 9
---
35
2 2 10 4 11
1 6 2 2 2 2 3 1 5
3 2 1 2 1 3 2 13
1 1 1 2 1 3 1 6 2
1 5 1 1 1 2 1 1 3 3
2 2 2 2 1 2 1 3 2
3 1 1 3 2 2 2
1 1 1 2 1 2 1 2
1 1 1 4 5
2 1 1 3 1 3
4 1 2 1 2 3
1 1 2 2 1 3 2 2
1 1 1 5 1 1
6 2 2 3 3 1 1
2 5 1 1 3 3 2
1 2 2 3 3 1
4 1 1 2 3 1
4 2 1 3 1 1 1
2 4 1 3 3 1
1 2 3 3 1
6 1 1 5 3
1 1 2 2 3 1 1
5 1 3 1 3
6 1 2 1 3 1
1 1 1 4 2 1
6 1 3 1 2 2
1 1 1 2 3 1 2
1 2 2 1 1 1 6 6
4 1 2 2 4 2 2 2 3
1 1 1 2 1 5 2 2 1 4
8 4 3 1 14
2 2 1 1 1 12 2 5
6 3 3 1 3 5 1 5
35