# 0.00387
1
1
1
1
1
3
3
1 1 1
2 2
5
1 3 1
2 2
7
7
1 3 1
2 2
7
1 7 1
1 2 3 2 1
1 4 4 1
3 11 3
5 2 2 5
3 13 3
3 13 3
1 3 1 1 3
1 23 1
1 1 3 4 4 1
2 2 27 2
34 4
10 1 1 2 2
1 11 11 2
1 8 6 2 2 2 11
1 4 3 6 2 4 2 11
1 3 1 2 6 4 4 11
1 2 3 1 6 3 3 11
1 2 3 1 6 3 3 11
1 4 3 6 3 3 11
1 1 1 2 6 3 3 11
1 1 1 2 6 3 3 11
40
---
3 9
5 1
2 9
4 6 1
3 3 4
2 2 3 1
4 1 3 1
6 2 3 1
4 3 4
1 3 9
9 1 1
12 10
9 10
1 4 10
1 2 10
5 2 10
5 1 2 10
3 2 1 2 1 1
11 2 1 2 10
3 3 3 2 2 1 2 10
2 3 3 3 1 2 1 2 1 7
8 2 3 3 1 2 1 3 2 1
2 3 3 3 1 2 1 2 2 1
3 3 3 2 2 1 2 2 1
11 2 1 3 2 1
3 2 1 2 1 7
5 1 2 10
5 2 10
1 2 1 1
1 4 10
9 10
12 10
9 10
1 12
11
10
1 9
15
13
1 9