# 0.00411
12
16
18
9 5
15 5
17 5
18 6
8 3 1 7
9 4 1 8
10 13
30
19 9
10 18
17 12
14 3 2 8
14 4 1 8
21 11
21 12
23 13
21 14
40
39
11 26
10 19 5
3 6 18 4
6 17 5
6 15 5
6 13 6
7 9 6
8 7
25
23
20
15
11
8
8
8
13
15
---
3
5
7
7
7
11
17
21
24
26
28
19 9
21 6
25 5
26 5
28 5
7 3 15 4 1
8 2 16 5 2
9 2 16 5 2
9 4 13 5 2
3 3 1 4 13 10
3 3 1 19 10
3 3 3 5 9 10
3 3 5 5 9 10
3 3 4 4 9 10
3 3 2 2 2 9 10
4 2 3 9 10
4 4 16 11
13 11 5 2
12 10 5 2
22 6 1
20 6
18 7
25
21
19
15
10
5
3