# 0.01147
6
10 3
18
19
14 3
14 2
14 6
13 1 3 3
6 3 7 2
5 1 8 2
4 4 2 2
4 5 2 2
4 4 5
5 5 5
5 5 6
12 1 3
12 2
11 2
10 4
8 5
13
8
7
3 5 1 2
13 1 7
23 2 2
15 1 2 2
9 12 2
2 4 1 2
1 2 1 5 1
2 1 2 2 5
1 1 2 7
2 2 2 2
2 2 2
2 2 4
2 2 2
2 2 2
2 3 2
2 2
3 2
5 1 2
2 1 2
2 1 2
36
38
---
0
1
1 2
2 2
3 2 2
7 6 3
10 5 4
14 6 2 2
16 8 1 2
9 6 7 1 2
8 5 5 1 2
8 4 4 2 2
8 5 4 4 2
8 5 5 11
9 7 4 4 2
10 21 2
9 17 2
7 14 1 1 1 2
6 14 3 2 2
5 6 4 1 1 7 2
3 5 3 1 1 7 2
3 2 6 1 2 2
3 3 2 1 1 1 1 2
3 3 1 1 1 1 2 2
3 3 1 1 1 3 1 2
8 2 4 2 1 2
4 2 2 2 14
1 1 2 14
1 2 2 2 2
2 2 2 2 2
2 1 1 1 1 2
2 2 5 1 2
2 2 2 3 2
3 3 2
5 2
4 2
5 2
5 2
3 1
0