# 0.00589
1 1 1 1 1 1 1
1 1 1 2 1 1 1 1 1 1 1
1 2 1 1 3 1 1 1 1 1 1
1 2 1 1 1 1 1 1 2 1 1 1
1 1 1 3 1 2 1 1 1 1 2
2 1 2 1 2 1 2 2 1 1 1
4 1 2 2 2 1 1 1 2 1
1 2 1 2 1 1 2 1 1 2 1
2 3 1 1 2 2 1 2 1
1 4 2 4 2 1 4
1 1 3 2 1 4 1 2 1
2 2 2 2 1 2 1 2 2
3 2 2 1 4 1 2 1 1
1 2 3 2 2 4 4
3 2 2 3 3 5
5 5 4 5 2
1 9 7 3
3 7 8 2
19 4 3
5 9 6
6
4
4
4
4
4
4
4
4
4
4
4
4
4
4
4
4
6
6
8
---
3 2 2 2 2
2 2 1 1 1 2
1 1 2 1 2 3
5 2 1 2
3 6 2
3 2 3 4 2
1 7 5
2 4 3
3 1 4 2 3
5 6
2 8
6 4 5 1
7 7 3
3 3 22
5 6 22
3 1 4 23
1 8 23
3 2 12 3
3 1 1 6 1
5 1 2 1 4
1 2 2
6 3 4
3 1 1 5
5 6 2
3 6 2
2 3 3 1
2 4 2 1 2
4 1 4 1 2
4 1 1 1 1 2
3 1 2 1 1