# 0.00160
2 2
2 2
2 2
2 2
2 2
2 2
2 2
3 3
4 4
5 5
20
20
20
20
20
1 2 2 1 2
1 2 1 1 1 3 5
1 2 1 1 1 3 5
1 2 1 1 1 3 5
1 2 1 2 2 3
1 2 1 1 3 1 5
1 2 1 1 3 1 5
1 2 1 1 2 2
20
20
20
4 2 2 1 3
4 2 1 2 1 2 2
4 2 1 2 1 2 2
4 2 2 1 2 2
4 2 1 2 1 2 2
4 2 1 2 1 2 2
4 3 2 3
20
20
20
20
2 8 2
2 2
2 2
2 2
2 2
2 2
2 2
2 2
2 2
---
46
15 23
8 3 17
7 3 17
7 1 3 4
16 2 2 4
5 3 2 2 5
5 6 4 1 6
5 15
16 6
6 3 9 5
5 3 2 9 5
5 4 4 6
28
5 3 4
6 3 2 3 5 4
7 3 2 3 5 4
8 6 4 5
46
46