# 0.00684
2
1 1 2
1 1 2
1 1 8
1 1 7 2
1 1 5 2
1 1 1 1
1 1 1 1
1 5 6
1 6 7
1 6 7
1 2 3 7
1 2 3 5 2
1 2 3 5 2
1 2 3 5 2
1 2 7 2
1 2 7 2
1 2 5 2
1 3 5 2
1 3 4 1 2
5 2 1 1
4 1 1 1
1 1 1 1
1 1 1 1
1 3 1 2
1 1 2 1 2
1 1 2 1 1
1 1 2 1 1
1 1 2 1
1 1 3
1 10
1 4 4
1 4 4
1 3 3
1 4 3
1 3 3
1 3 4
1 3 3
1 3 3
1 3 3
1 2 3
1 2 2
1 2 2
1 3 3
1 5 5
---
4
1 3
1 2
44
2
3 1
1 3 1
2 11 2
2 11 11
3 3 19
3 7 2 10
1 3 9 3 5
4 16 2 3
2 6 2 1
1 8 2 1 1
1 12 2 3 1
2 11 9 2
2 9 2 16
10 24
4 5
12 2
19