# 0.01257
48
2 2
1 3 1
1 3 26 1
1 1 31 1
1 3 11 6 14 1
1 1 11 1 5 14 1
1 13 6 13 1
1 4 3 12 2 1
1 4 2 11 1 1
1 5 3 12 2 1
1 7 3 8 3 1
1 3 1 1 1 9 1 1 3 1
1 2 3 12 2 1
1 5 3 6 3 4 2 1
1 5 2 4 1 2 1 4 2 1
1 6 3 5 3 4 1 2 1
1 20 6 2 1
1 20 3 3 1
1 10 10 4 1
1 8 1 12 4 1
1 8 6 8 4 1
1 2 13 1 17 1
1 4 13 5 11 1
1 6 13 1 9 1
1 3 5 9 9 2 1
1 2 5 14 4 1
1 1 2 2 10 6 1
1 1 1 3 1
1 5 2 1
1 21 5 1 1
1 1 1 2 2 1
1 1 2 2 2 1 1 1 1
1 1 3 8 1 1
1 1 4 7 1 1
1 1 2 3 2 1 1 1
1 3 2 2 2 1 1
1 1 3 10 1 1 3 1 1
1 1 4 9 1 2 2 1
1 1 2 2 2 1 4 4 1
1 1 2 2 2 1 2 2 1 2 2 1
1 1 2 8 1 1 1 1 1 1 1
1 1 3 2 2 1 2 2 1 2 2 1
1 1 3 10 1 4 1 3 1
1 1 3 2 2 1 1 2 1 1
1 1 2 9 1 1 2 2 1
1 1 1 1 1 1 1
1 21 1 2 2 1
2 2 3 2
48
---
48
2 2
1 1
1 4 1
1 2 1 1 1
1 2 2 10 2 18 1
1 12 6 1 1 1 1
1 7 6 5 1 1 2 1 1 1
1 7 7 3 1 4 2 2 1 1
1 4 2 9 1 1 2 2 3 1 1
1 6 3 7 1 4 2 3 1 1
1 9 2 7 4 1 1 10 1 1
1 8 1 10 3 1 8 1 1
1 5 2 11 2 1 1 1
1 6 3 8 3 1 1 1 1 1 1
1 9 2 7 4 1 2 2 4 1 1
1 8 7 4 1 2 2 5 1 1
1 8 7 1 3 1 2 2 2 1 1 1 1
1 3 13 4 1 10 1 1 1 1
1 2 1 17 1 8 1 1 1 1 1
1 3 8 9 1 2 2 1 1 1 1 1
1 11 1 9 1 2 3 1 1 1 1 1
1 12 10 1 4 5 1 1
1 19 3 1 2 5 1 1
1 18 1 2 1 1 1
1 10 4 4 18 1
1 2 1 8 1
1 2 8 1
1 3 3 8 1
1 4 1 1 2 4 3 2 2
1 5 4 3 1 2 12
1 5 5 3 3 2 2 1
1 5 2 2 7 4 1 1 1
1 5 4 6 3 2 2 1
1 5 6 2 3 1
1 5 6 3 1
1 4 1 6 4 1 1 1
1 4 6 1 5 1
1 4 5 1 1
1 5 4 2 3 1
1 4 4 4 3 1 3
1 3 4 6 2 2 2
1 2 4 3 1 3 3
1 2 4 2 2 2 3 1
1 12 1 5 1
1 10 2 1
1 1
1 1
2 2
48