# 0.01255
48
2 3 2
1 18 4 1
1 1 2 1 5 5 1
1 1 2 4 1 5 4 1 1
1 1 2 2 1 6 4 2 1
1 1 1 2 1 6 5 2 1
1 1 10 1 6 5 2 1
1 1 1 1 1 1 6 6 2 4
1 1 2 2 2 1 6 7 3 6
1 1 1 1 1 1 5 8 2 7
1 1 8 1 5 8 2 8
1 1 2 1 4 8 2 9
1 1 2 2 2 5 8 2 10
1 1 2 1 1 4 9 2 11
1 1 2 1 1 3 8 3 12
1 1 2 2 2 2 11 13
1 4 4 2 10 14
1 1 1 9 16
1 25 17
1 8 21
1 7 24
1 10 26
1 13 26
1 13 26
1 14 25 1
1 15 22 1
1 15 21 1
1 6 9 19 1
1 2 2 2 7 18 1
1 1 2 8 9 5 1
1 2 4 8 4 1
1 1 12 4 1
1 2 1 2 4 3 1
1 1 1 3 1
1 1 2 4
1 4 1
1 2 1
1 1 5 1
1 3 3 2 2 1
1 3 1 1 1
1 8 1 1 1
1 1 1 1 1
1 2 4 3 1 2 3 1
1 1 1 1 2 1 3 2 2 1
1 6 1 1 1 1 1 1 3 1
1 2 1 1 1 1 1 1 1
1 2 1 1 2 1 1 2 2 1
2 2 2 2 4 1 3 2
48
---
48
2 2
1 18 1
1 1 1 1 1
1 1 1 1 3 1
1 1 2 2 1 3 2 1
1 1 2 3 2 1 3 2 1
1 3 1 3 2 1 4 2 1
1 2 1 1 2 1 4 2 1
1 1 1 1 3 1 5 3 1 1
1 1 1 2 4 1 10 1 1
1 1 6 1 1 1 11 1 1
1 1 2 1 1 4 1 7 3 1 1
1 1 1 1 2 1 6 1 2 1 1 1
1 1 1 3 1 1 1 9 2 2 1 1
1 1 3 1 1 1 8 3 2 3 1
1 1 2 1 13 2 3 1
1 1 3 15 3 1 2
1 1 17 2 1 1 3
1 16 18 3 1
1 4 15 1 2 1
1 5 4 9 1 1
1 6 5 1 3 1
1 7 6 1 1
1 8 7 4 1 2
1 8 6 7 11
1 8 7 9 1 1
1 8 7 9 1 1
9 8 10 11
7 8 11 1 2
4 8 11 1
1 6 1 11 4 1
1 9 11 2 3
1 6 1 12 1 2
1 6 2 13 7
1 6 2 13 2
1 5 2 14 1
1 5 2 14 7
1 3 2 15 1 1
1 3 2 16 2 1
1 2 1 18 1 1
1 2 2 20 1
1 2 2 22 4 1
1 1 2 23 2 3
1 1 2 19 4 1 1 2
1 3 19 3 3 3
1 19 3 2 1 1
1 18 2 1
2 17 1 2
48