# 0.00154
30
30
30
30
5 5
5 18 5
2 2
3 22 3
4 4
5 18 5
5 1 8 1 5
5 1 2 2 2 2 1 5
5 1 1 4 1 1 5
5 6 2 6 5
2 2 3 2
3 7 2 3 7 3
4 1 4 4
5 5 1 4 5 5
5 5 1 4 5 5
5 5 1 4 5 5
5 1 1 1 4 1 1 5
5 1 1 1 1 4 1 1 1 5
5 1 1 1 1 4 1 1 1 5
5 1 1 1 4 1 1 5
5 5 5 5 5
5 6 5
30
30
30
30
---
30
30
6 7 15
6 6 14
6 1 5 1 13
4 1 1 4
4 1 1 5 1 8 4
4 1 1 1 1 1 3 1 4
4 1 1 1 1 1 1 3 2 1 4
4 1 1 1 1 1 1 3 1 4
4 1 1 1 1 1 8 4
4 1 1 5 4
4 1 1 3 10 5
4 1 1 2 4 6
4 1 1 2 2 14
4 1 1 2 1 16
4 1 1 2 1 16
4 1 1 3 16
4 1 1 5 4
4 1 1 1 1 1 8 4
4 1 1 1 1 1 1 3 1 4
4 1 1 1 1 1 1 3 2 1 4
4 1 1 1 1 1 3 1 4
4 1 1 5 1 8 4
4 1 1 4
6 1 5 1 13
6 6 14
6 7 15
30
30