# 0.00820
3 2 3
13
2 1 1 5
2 1 1 1 4
1 1 1 3 5
1 3 4 3
2 9
4 4 3
6 2 2 1 1 2
2 1 3 5 10
5 1 1 5 1 1 1
2 4 2 1 1 1
2 9
2 2 1 1 1
2 3 3 1 1 1
1 8 1 1 1
7 5 10
1 8 1 1 1
1 3 5 3
7 8
2 6
5 2 2
3 1
1 1
2 2
2 2
2 2
3 3
7 4
1 7
2 11
2 9
4 7
22
25
21 3
19 3
16 3
12 3
8 3
---
3
4
4
4 6
1 4 1 6
5 1 8
3 1 1 1 8
8 1 2 1 2 8
3 2 1 2 1 2 4 10
3 4 1 1 4 5 7
2 2 2 1 2 2 7
2 1 1 3 1 7
5 2 1 7
2 1 1 6
5 1 1 3 1 6
1 1 4 5 2 5
2 2 2 1 5 1 5
3 3 5 4 4
5 2 3 2 3 4
6 1 2 2 2 4 3
11 7 4 8
20 6
4 1 1 1 3 6
16 7
2 1 1 1 3 7
2 1 1 1 2 3 3
16 3 4
2 1 1 1 2 2 3
3 1 3 1 2
9