# 0.00270
3 3 3 14
3 3 1 1 1 2
2 2 3 1 10 1
3 2 1 1 2 1
3 1 1 1 1 6 1 1
2 2 1 1 1 2 1 1
3 3 3 1 1 1 1 1 1
3 3 1 1 1 1 1 1 1 1
3 1 1 1 1 1 1
1 1 1 1 1 1 1 1
3 3 1 1 1 1 7 1 1
3 3 1 1 1 1
2 2 3 1 11 1
3 1 1 1 1 1
3 1 1 1 5 1 2
2 2 1 1 1 1 1 1 1
3 3 1 1 1 1 2 1 1
3 3 1 1 1 1 1 1
3 1 1 1 1 1 2
1 1 1 1 1 2 1
3 3 2 1 1 1 1 1 1
3 3 1 1 1 1 1 1 1
2 2 3 1 1 1 1 1 1
3 1 1 1 1 1 1
3 2 1 1 1 1 1 1
2 2 1 1 1 1 1 1 1 1
3 3 1 1 1 1 1 1 1 1
3 3 1 1 1 1 1 1 1 1
2 1 1 1 1 1 1
5 6
---
2 2 2 2 2 2
3 3 3 3 3 3
8 8 8
2 2 2
8 8 8
3 3 3 3 3 3
2 2 2 2 2 2
0
0
5 5 1 5 5
1 2 1 1 5 1 1 1 1 1
3 1 5 1 1 1 3
0
0
0
30
1 1
1 28
1 1 1 1
1 1 7 1 16
1 1 1 1 1 1
1 1 1 1 1 1
1 1 1 1 1 1
1 1 1 1 1 3
1 1 2 1 1 14
1 1 6 1 1
1 2 8 1
1 10 11
2 5 1
14 12