# 0.00228
3 4 4 3
2 2 2 2 2 2 2 2
2 4 3 4 2
1 3 1 3 1
2 4 3 4 2
2 2 2 2 2 2 2 2
3 4 4 3
25
25
4 4 3
2 2 2 2 2 2
2 3 4 2
2 1 3 1
2 3 4 2
2 2 2 2 2 2
4 4 3
25
25
2 4 3 4 2
2 2 2 2 2 2 2 2
3 4 4 3
1 3 3 1
3 4 4 3
2 2 2 2 2 2 2 2
2 4 3 4 2
---
3 2 3 1
2 2 2 4 2
2 4 2 2 2
1 3 2 3
2 4 2 2 2
2 2 2 4 2
3 2 3 1
25
25
1 4 3 3
2 6 4 2 2
2 2 2 2 2 4 2
3 2 3 3 1
2 2 2 2 2 4 2
2 6 4 2 2
1 4 3 3
25
25
3 2 3 3 1
2 2 2 2 2 4 2
2 6 4 2 2
1 4 3 3
2 6 4 2 2
2 2 2 2 2 4 2
3 2 3 3 1