# 0.00242
3 3
6 6
2 2 2 2
2 11 2
2 2 1 1 1 2 2
2 1 1 1 2
2 1 1 1 2
2 1 1 1 2
2 1 1 1 2
2 1 1 1 2
3 1 1 1 3
3 1 1 1 3
3 1 1 1 3
2 1 1 1 1 1 2
3 1 1 1 1 1 3
3 1 1 1 1 1 3
3 1 1 1 1 1 3
3 1 1 1 1 1 3
3 1 1 1 1 1 3
3 1 1 1 1 1 3
3 1 1 1 1 1 3
3 1 1 1 1 1 3
3 1 1 1 1 1 3
3 1 1 1 1 1 3
3 1 1 1 1 1 3
3 1 1 1 1 1 3
3 1 1 1 1 1 3
5 1 1 1 1 1 5
19
15
1 1
11
2 2
15
---
7
11
3 14
5 5 3
2 1 4 3 2
2 5 3 2
12 4 1
29 1 1
1 2 1 1
27 1 1
1 2 1 1
27 1 1
1 2 1 1
27 1 1
1 2 1 1
29 1 1
12 4 1
2 5 3 2
2 1 4 3 2
5 5 3
3 14
11
7