# 0.00635
3 6
8 8
7 7
10 11
4 3 5
3 3 2 4
4 4 3 4
7 5 4 4
4 7 5 3
4 10 8
6 12 9 3
1 3 13 10 5
2 14 11 3 2
1 13 11 2 1
5 12 11 2
7 11 10 3
3 2 11 10 5
2 1 10 9 2 2
2 4 10 9 2 2
1 5 9 8 3 2
2 3 7 5 6 1
2 3 3 1 3 4
1 6 7 2
1 6 5 1
7 2
---
3 3
2 5
2 3
3 2
3 3 2
5 6 2
6 2 6
3 2 1 2 2
3 2 3 4
3 2 5 3
3 10 3
4 12 3
4 11 2
2 1 12 1
1 1 13 2
1 14 2
16 2
16 2
17 2
16 2
12 1
1
17 2
1 1 16 2
2 1 15 2
2 2 14 2
5 13 2
5 11 1
4 12 1
4 13 2
4 3 9 3
6 6 3
6 3 3
4 6
2 6 2
6 3
3 2 4
2 3 1
3 4
3 1