# 0.00452
10 1 1 2 6
2 1 1 2 6
2 1 1 2 2
2 5 2 6
2 1 1 2 1
2 1 1 2 6
2 1 1 2 6
0
2 5
2 6
2 1
8 2 6 8
8 2 6 8
8 2 2 8
2 7
2 6
0
30
0
2 2 2 3 4
2 2 1 1 5 6
2 2 2 2 2 1 2 2
2 2 2 2 2 1 2 2
2 2 2 2 2 1 2 2
7 6 4 2 2
7 6 5 2 2
2 2 2 2 2 1 2 2
2 2 2 2 2 1 2 2
2 2 2 2 2 1 6
2 2 2 2 2 1 5
---
1 3 1
1 3 1 11
1 3 1 11
1 3 1 2
7 3 1 2
7 3 1 2
1 3 1 11
1 3 1 11
1 1
1 1 9
8 1 10
7 8 1 1 2
1 1 1 2
1 3 2 1 10
1 2 2 2 1 9
7 2 2 2 1
2 2 2 1 10
7 2 2 2 1 11
7 2 5 1 2 2
3 1 2 2
4 2 1 1 1 5
4 2 1 2
2 1 2 3 1
2 1 2 3 1 10
2 1 2 3 1 11
2 4 3 1 2 2
3 1 2 2
3 1 2 2
3 1 9
3 1 7