# 0.00545
7
1 3 1
2 1 2
3 3
2 1 2
1 3 1
7
3
8 3 3 8
2 2 1 1 2 2
2 4 3 3 3 4 2
1 6 2 3 2 6 1
1 8 2 1 2 8 1
1 9 1 1 1 9 1
1 10 2 2 10 1
1 10 1 1 10 1
1 10 1 1 10 1
2 5 3 5 2
2 3 11 3 2
2 13 2
12 12
8 8
1 8 8 1
1 15 1
1 17 1
3 3
1 11 1
1 17 1
21
21
19
15
---
8
2 2
2 4 2
1 6 2
1 8 1
1 9 10
1 9 2 1 3
1 9 3 2 4
1 7 5 5
2 5 6 5
2 4 7 6
2 3 7 6
7 5 1 7 6
1 3 1 1 3 3 3 6
2 1 4 2 7 3 6
3 4 4 3 2 6
2 1 4 2 7 3 6
1 3 1 1 3 3 3 6
7 5 1 7 6
2 3 7 6
2 4 7 6
2 5 6 5
1 7 5 5
1 9 3 2 4
1 9 2 1 3
1 9 10
1 8 1
1 6 2
2 4 2
2 2
8