# 0.00184
15
14 12
13 1 11 1
12 2 10 2
11 3 9 3
10 4
9 4 7 5
8 1 4 6 5
7 2 4 5 1 5
6 3 4 4 2 5
5 3 5
4 4 4 3 3 5
3 1 4 4 3 3 5
2 2 4 4 3 3 5
1 3 4 4
4 3 4 1
4 4 3 4 3 3 2
4 4 3 4 3 2 3
4 4 3 4 3 1 4
4 4 5
4 3 4 4 3 6
4 2 5 4 2 7
4 1 6 4 1 8
4 7 4 9
4 10
3 9 3 11
2 10 2 12
1 11 1 13
12 14
15
---
15
14 12
13 1 11 1
12 2 10 2
11 3 9 3
10 4
9 4 7 4
8 1 4 6 1 4
7 2 4 5 2 4
6 3 4 4 3 4
5 4 4
4 4 4 3 4 4
3 1 4 4 3 4 4
2 2 4 4 3 4 4
1 3 4 4
4 4 3 1
4 4 3 4 4 2 2
4 4 3 4 4 1 3
4 4 3 4 4 4
4 4 5
4 3 4 4 3 6
4 2 5 4 2 7
4 1 6 4 1 8
4 9
4 8 4 10
3 9 3 11
2 10 2 12
1 11 1 13
12 14
15