# 0.00245
10 9
10 4 1
10 4 4
10 4 1
10 7 1
1 1 2 1 4 1
3 1 9
1 1 2 1 4 1
3 1 4 2 1
1 1 2 1 4 1
10 4 2 1
10 4 2 1
10 9
10 4 2
10 4 2 1
10 4 2
10 4 2 1
10 4 2
10 9
10 4 2
10 4 4
10 4 2
10 4 4
10 4 2
10 9
9 3 2
7 1 2 1
6 2
5 3 3 1 2
4 4 3 2 1
4 4 8
4 4 8
4 4 8
4 4 8
5 3 8
6 2 8
7 8
8 8
20
20
---
6 1 31
5 30
6 1 31
5 30
6 1 20 6
28 5
5 1 1 17 5 4
5 1 1 16 7 3
5 16 8 2
25 8 2
2
25 2
26 12
26 12
27 12
1 1 1 1 1 1 10
1 1 1 1 1 3 1 1 1 1 1 1 1 12
1 1 1 1 1 3 1 1 1 1 1 1 1 11
1 1 1 2 1 9 2 10
40