# 0.00506
1 1 1 1 16
1 1 1 1 18
1 1 1 1 3 4
1 1 1 1 3 3
1 1 1 1 3 3
1 1 1 1 3 6 6 3
1 1 1 1 3 8 8 3
1 1 1 1 3 2 2 2 3 3
1 1 1 1 2 2 3 2 2 2
1 1 1 1 2 3 4 2 2 4 2 2
3 3 2 2 4 2 2 4 2 2
5 2 2 4 2 2 4 2 2
3 2 3 4 2 2 4 2 2
3 2 2 2 2 2 2
3 2 3 2 2 3 2
3 2 9 9 2
3 2 7 7 2
3 2 2
3 2 9 2
3 2 21 2
3 2 24
3 2 24
3 3 12
3 3 23
3 3 22
3 3 21
3 3 10
3 3 3
3 20
3 18
---
0
0
11
2
30
19
30
2
11
0
17
19
4 3
3 4 3
3 7 3
3 4 4 3
3 3 3 3 3
2 2 4 2 3 3 3
2 2 4 2 3 3 2
2 2 4 2 3 3 2
2 2 4 2 3 3 2
2 2 2 3 3 2
2 3 4 3 3 2
2 9 3 3 2
2 5 3 3 2
2 3 3 2
2 6 3 3 2
2 10 3 3 2
2 3 3 9 2
2 2 4 2 9 2
2 2 4 2 9 2
3 2 4 2 9 2
2 2 4 2 9 2
2 3 2 9 2
3 3 3 12
3 9 11
3 6 10
3 7
19
17