# 0.00580
0
0
2
3 2
4 4
5 4
5 5
6 5
6 5
6 5
5 5
6 5 2
6 6 4
5 5 4
6 5 5
6 6 5
5 6 4
6 6 5
6 6 5
5 6 6
6 5 5
12 5
17
6 16
9 16
12 15
14 14
30
31
2 6 24
4 5 21
9 20
8 19
8 18
7 17
6 16
7 16
9 18
9 18
10 19
11 20
31
30
29
28
28
27
27
27
26
25
23
23
21
18
17
16
16
15
15
---
2
9
9
10
10
14
17
10 8
10 8
9 9
7 10
6 10
7 11
7 10
8 11
8 10
5 9 13
10 9 14
14 10 17
17 28
18 27
18 28
44
42
41
40
5 39
48
51
54
56
57
10 38
5 41
43
16 23
14 15
12 12
9 10
4 5