# 0.00852
95
2 2 2 2 2 2 2 2 2 2 2 2 2 2 2 2 2 2 2 2 2 2 2 3
2 2 2 2 2 2 2 2 2 2 2 2 2 2 2 2 2 2 2 2 2 2 2 3
4 2 2 2 2 2 2 2 2 2 2 2 2 2 2 2 2 2 2 2 2 2 2 1
4 2 2 2 2 2 2 2 2 2 2 2 2 2 2 2 2 2 2 2 2 2 2 1
2 86 3
2 3 1 1
4 1 3 1
4 1 78 3 1
2 3 78 1 3
2 3 2 2 1 3
4 1 2 2 3 1
4 1 2 1 2 3 3 7 2 3 2 2 3 1
2 3 2 3 4 6 4 7 3 5 3 2 1 3
2 3 2 4 5 2 2 5 2 3 4 2 2 4 2 1 3
4 1 2 5 2 1 2 2 2 2 3 2 2 2 2 2 2 2 3 1
4 1 2 2 2 2 3 6 2 2 3 2 2 5 2 2 2 3 1
2 3 2 3 2 7 2 2 7 3 2 6 2 2 6 2 1 3
2 3 2 7 2 2 2 3 8 2 5 3 3 2 2 2 4 2 1 3
4 1 2 3 3 2 3 5 3 4 5 2 3 6 3 3 2 3 1
4 1 2 3 3 6 4 2 4 4 2 2 4 2 3 2 3 1
2 3 2 2 3 4 4 2 1 3
2 3 2 2 1 3
4 1 2 2 3 1
4 1 78 3 1
2 3 78 1 3
2 3 1 3
4 1 3 1
4 86 1
2 2 2 2 2 2 2 2 2 2 2 2 2 2 2 2 2 2 2 2 2 2 2 3
2 2 2 2 2 2 2 2 2 2 2 2 2 2 2 2 2 2 2 2 2 2 2 3
4 2 2 2 2 2 2 2 2 2 2 2 2 2 2 2 2 2 2 2 2 2 2 1
4 2 2 2 2 2 2 2 2 2 2 2 2 2 2 2 2 2 2 2 2 2 2 1
95
95
---
35
35
1 2 2 2 2 2 2 2 4
1 2 2 2 2 2 2 2 4
3 2 2 2 2 2 2 2 2
3 2 2 2 2 2 2 2 2
1 26 4
1 3 1 4
3 1 3 2
3 1 18 3 2
1 3 18 1 4
1 3 2 2 1 4
3 1 2 2 3 2
3 1 2 2 3 2
1 3 2 2 1 4
1 3 2 2 2 1 4
3 1 2 4 2 3 2
3 1 2 4 2 3 2
1 3 2 5 2 1 4
1 3 2 5 2 1 4
3 1 2 3 4 2 3 2
3 1 2 10 2 3 2
1 3 2 9 2 1 4
1 3 2 2 1 4
3 1 2 2 3 2
3 1 2 6 2 3 2
1 3 2 8 2 1 4
1 3 2 2 1 2 2 1 4
3 1 2 3 2 2 2 3 2
3 1 2 6 3 2 3 2
1 3 2 2 5 2 1 4
1 3 2 3 2 1 4
3 1 2 2 3 2
3 1 2 8 2 3 2
1 3 2 8 2 1 4
1 3 2 2 1 2 2 1 4
3 1 2 2 2 3 2 3 2
3 1 2 8 2 3 2
1 3 2 2 3 2 1 4
1 3 2 2 2 1 4
3 1 2 3 2 3 2
3 1 2 4 2 3 2
1 3 2 4 2 1 4
1 3 2 2 2 2 1 4
3 1 2 2 4 2 3 2
3 1 2 3 4 2 3 2
1 3 2 9 2 1 4
1 3 2 9 2 1 4
3 1 2 2 3 2
3 1 2 2 2 3 2
1 3 2 2 1 2 1 4
1 3 2 1 2 2 1 4
3 1 2 1 3 2 3 2
3 1 2 2 4 2 3 2
1 3 2 2 5 2 1 4
1 3 2 2 5 2 1 4
3 1 2 5 2 2 3 2
3 1 2 4 1 2 3 2
1 3 2 3 2 1 4
1 3 2 2 3 2 1 4
3 1 2 1 5 2 3 2
3 1 2 4 2 3 2
1 3 2 2 1 2 1 4
1 3 2 2 4 2 1 4
3 1 2 9 2 3 2
3 1 2 8 2 3 2
1 3 2 2 1 4
1 3 2 2 1 4
3 1 2 6 2 3 2
3 1 2 8 2 3 2
1 3 2 2 1 2 2 1 4
1 3 2 2 2 2 2 1 4
3 1 2 9 2 3 2
3 1 2 2 3 2 3 2
1 3 2 2 1 4
1 3 2 2 2 1 4
3 1 2 3 2 3 2
3 1 2 4 2 3 2
1 3 2 3 2 1 4
1 3 2 2 2 2 1 4
3 1 2 2 4 2 3 2
3 1 2 9 2 3 2
1 3 2 9 2 1 4
1 3 2 2 1 4
3 1 2 2 3 2
3 1 18 3 2
1 3 18 1 4
1 3 1 4
3 1 3 2
3 26 2
1 2 2 2 2 2 2 2 4
1 2 2 2 2 2 2 2 4
3 1 2 2 2 2 2 2 2
3 1 2 2 2 2 2 2 2
35