# 0.02926
1 4
2 3 3
6 4
2 4
2 8
7 5
2 3 6
2 9
1 1 5
2 2 7
2 3 1 5
1 5 1 3
3 2 2 2 5
3 1 2 1 8
2 2 2 1 5
3 4 6
4 8
1 2 7
1 2 4
4 1 2 5
8 2 8
3 4 3 4
2 3 2 6
1 2 3 2 5
2 2 3 3 3
5 3 3 3
7 3 3 3
7 3 2 3
4 2 1 3
7 2 3
5 3 3
6 5 4
2 2 1 6 4
2 1 3 4
3 2 3 3
3 1 4 4
2 9
2 10
12
11
1 2 3
1 2 3
1 2 3
1 2 2
2 2 2
3 2 2
3 2 2
2 2
2 2
2 2
2 2
3 3
4 4
4 4
30
---
1 1 1 1 1
2 1 2 2 1
2 3 2 1
9 1
9 1
8 1
13 1
5 2 2 3 1
2 4 1 2 2 1
3 2 1 2 2 2 2 1
2 2 1 1 2 3 1
2 3 2 3 9 1
2 2 3 10 3 3
3 1 21 4
2 2 3 6 25
2 2 5 3 24
3 2 11 3 2 5 1
1 1 4 7 1 4 1
2 3 14 19
3 10 20
2 5 12 4
1 8 9 3
36 1
33 1
28 1
1 1 2 2 12 1
1 1 1 6 2 2 1
1 1 1 1 3 1 1 1
1 1 2 1 1
1 1 1 1