# 0.01119
2 8 2
2 2 2 2
2 2 2 2
2 2 2 2
2 1 1 2
2 1 2 2
2 2 7 2 2
2 2 10 3 2
2 6 5 2
17 13
21 17
2 5 4 2
2 4 5 4 3 2
2 4 2 1 2 4 2
2 4 1 4 3
2 4 1 4 2
2 1 1 3
2 1 1 1 1 3
3 2 1 3
3 2 2 3
3 3 3 2 3
3 3 5 2 3
6 6
6 6
4 3 2 3
2 7 1
1 1
1 1
2 3
12
---
2
2
2
2
2
15
17
2 4
2 3
2 3
2 3
2 2 3
7 4
8 3
20
11 11
2 4 4 2
2 2 1 2 2 1
2 2 1 2 1 1
1 2 1 1 2 1
1 2 1 1 1 1 1
1 2 4 1 2 1 1
1 2 2 1 1
1 2 1 2 1 2 1 1
1 2 1 2 1 1 1
2 2 1 1 2 1
2 2 1 1 2 2
2 3 2 2
9 10
20
9 3
7 3
2 3 3
2 3
2 3
2 3
2 3
2 4
17
15