# 0.01297
2
2 2 2 2 2
2 2 2 2 2
2 2 2 2 2
2 2 2 2 2
2 2 2 2
2
2 2 2 2 2 2 2 2 2
2 2 2 3 2 3 2 2 2
2 3 3 8 3 3 2
3 2 3 6 3 2 3
2 3 3 2 3 3 2
3 3 12 3 3
3 3 8 3 3
3 4 2 4 3
3 16 3
3 12 3 1
4 2 4 1
20 1
16 5
4 2 5
5 2 5
9 4 5
5 12 3
4 14 1
---
5 4
5 6 1
4 3
3 5
5 3 3 5
5 5 3 5
4 3 5
3 3 1
5 3 3 2 1
5 4 3 3 1
3 2 2 1
3 3 2 2
5 2 2 2 2 2
5 3 2 2 2 2
3 2 2 2 2
2 2 2 2 3
5 19
5 19
2 2 2 2 3
3 2 2 2 2
3 2 2 2 2
2 2 2 2 2
3 3 2 2
3 2 2 1
4 3 3
3 3 2
3 3
4 3
5 3
3 3 4
3 5
4 9
6 5
4 4
0