# 0.00294
0
28
1 1
1 24 1
1 1 1 1
1 1 1 1
1 1 1 1
1 24 1
1 1
28
28
1 1
1 16 1
1 1 1 1 1 1
1 3 1 1 1 1 1
1 1 1 1 1 1
1 16 1
1 1
28
0
---
0
18
1 2 1
1 5 2 1 1
1 1 1 2 3 1
1 1 1 2 1 1
1 1 1 2 1
1 1 1 2 5 1
1 1 1 2 1 1 1
1 1 1 2 1 1 1
1 1 1 2 1 1 1
1 1 1 2 1 1 1
1 1 1 2 1 1 1
1 1 1 2 1 1 1
1 1 1 2 1 1 1
1 1 1 2 1 1 1
1 1 1 2 1 1 1
1 1 1 2 1 1 1
1 1 1 2 1 1 1
1 1 1 2 1 1 1
1 1 1 2 1 1 1
1 1 1 2 1 1 1
1 1 1 2 5 1
1 1 1 2 1
1 1 1 2 1 1
1 1 1 2 1 1 1
1 5 2 1 1
1 2 1
18
0