# 0.00303
40
40
2 3 2 2 2 4 1
1 4 2 11 2 6 4 1
1 6 2 11 2 6 3 1
1 9 10 3 6 3 1
1 8 10 3 6 2 1
2 3 6 4 3 2 1
7 2 9 4 6 1 1 1
8 2 8 5 6 2 1
8 2 8 5 6 2 1
1 6 2 7 6 6 3 1
1 4 2 7 6 6 3 1
2 3 2 7 2 4 1
40
40
40
40
40
40
---
20
3 4 7
2 2 4 6
2 4 5 6
2 4 5 6
2 4 5 6
2 4 5 6
2 3 3 6
3 3 7
20
20
2 6
2 4 5 6
2 4 5 6
2 4 5 6
2 10 6
20
20
2 10 6
2 8 7
2 6 9
2 4 11
2 2 13
2 15
20
20
2 6
2 4 5 6
2 4 5 6
2 4 5 6
2 10 6
20
20
2 6
4 12
6 11
8 9
9 7
2 6
20