# 0.01052
0
30
29
3 1
3 3 2 4 3 3 1
3 1 1 1 1 2 2 1 1
3 3 1 3 1 1 1 4
3 1 1 1 1 2 2 1 1 1
3 3 2 4 3 3 1
3 1
3 1 1 1 1
3 3 4 1
3 7 2 4 1
3 12 2 1
3 1 8 4 1
3 1 8 4 1
3 8 6 1
3 7 6 1
3 5 1 6 1
3 2 6 1
3 2 2 3 4 1
3 4 4 1 2 1 1
3 10 5 2 1
3 10 1 1 1
3 4 4 1 1 1
3 2 2 4 1
3 1
3 5 5 5 1
3 2 1 2 1 2 1 1
3 2 1 2 1 2 1 1
3 2 2 2 2 2 2 1
3 2 2 2 1
3 3 3 3 1
3 3 3 3 1
3 4 4 4 1
3 1 7 7 5 1
3 3 7 7 3 1
3 1
30
0
---
38
38
38
2 1
2 1 1 2 4 4 2 1
2 5 1 1 6 7 1 1
2 1 1 1 1 1 6 2 5 1
2 1 6 4 1 3 1
2 2 2 7 2 1 3 1
2 1 1 8 2 1 1 2 1
2 1 9 4 4 2 1
2 1 1 8 6 2 1
2 5 7 6 4 2 1
2 1 1 1 6 4 7 1 1
2 1 1 1 3 2 5 1
2 1 1 2 5 1 3 1
2 1 2 1 1 3 1
2 3 3 1 1 2 1
2 2 2 2 4 2 1
2 1 1 1 2 1
2 2 2 4 2 1
2 3 4 3 7 1 1
2 3 7 1 1 2 5 1
2 4 11 1 1 3 1
2 1 1 10 1 1 3 1
2 1 1 1 3 7 3 1 1 2 1
2 3 4 4 2 1
2 1 1
38
1 1