# 0.00540
1
5
7
4 4
1 1 1 1 1
9
9
2 2
1 1 1
2 2
1 1 1
4 4
2 1 2
2 2
1 1 1
2 2
1 1 1
3 3
13
1 3 3 1
15
13
1 1 1 1 1
2 1 1 2
2 1 1 1 2
2 1 1 1 1 2
4 1 1 1 4
2 1 1 1 1 1 1 2
2 13 2
2 1 2 2 1 2
1 1 2 2 1 1
6 6
6 6
8 8
8 5 8
---
2
4
6
2 4
2 5
1 2 1 4
4 2 1 5
1 2 7 2
4 1 1 5 1 2
2 2 2 5 1 1 2
22 1 1 1 1
3 3 1 1 1 1 5 1 1 2 1
3 3 1 1 1 1 1 1 3 1 1 1 1
3 3 1 1 1 1 5 1 1 2 1
22 1 1 1 1
2 2 2 5 1 1 2
4 1 1 5 1 2
1 2 7 2
4 2 1 5
1 2 1 4
2 5
2 4
6
4
2