# 0.02166
10 10
12 12
27
28
29
30
30
31
32
33
33
34
35
13 3 3 13
13 2 3 14
13 3 2 15
12 2 3 3 11
12 3 2 3 11
11 2 3 9
15 4 7
15 6 5
9 2 2 3
8 4 5
5 6 1 1 1 1 1 1 4 2 2
2 2 4 7 1 6 5 1 1
1 1 2 2 5 1 5 2 2 1 1 1
1 1 1 1 2 2 1 2 2 1 3 1 1 2
1 1 2 1 7 1 7 1 4 1 1 1 2
1 1 1 1 3 1 1 1 5 2 1 1 3
2 2 1 2 5 2 2 2 7 1 1 5
3 1 1 1 8 2 13 6
6 2 9 2 13 5
6 2 11 3 1 13 3
4 13 13 2
3 13 4 4 13 1
2 10 2 11 2 11 2
2 10 2 2 2 2 5 2 2
2 6 2 2 2 2 1 1 2
1 1 1 2 3 3 2 1 1 1
2 1 2 3 7 3 1 1 1
1 1 1 3 3 3 1 1
1 1 3 3 2 2
1 1 4 3 5
2 2 3 3
5 9
---
5
5
5
6 5 5
2 11 2
1 2 2 1
1 3 3 1
1 2 2 1
2 11 2
6 5 5
6
7
6 9
12 9
18 10
32
22 8
24 6
23 10
24 7
23 8
22 5
21 1 1 3
18 2 5 3
16 2 4 1 2
14 1 2 3 1 3 2
13 3 3 4 5 3
18 2 5 4 2 3 2
16 1 1 6 1 2 1
13 3 1 1 2 1
11 4 1 2 1
16 1 3 1 1 2 1
15 2 1 1 2 1
14 4 2 1 2 3 2
13 4 3 5 5 3
17 2 4 3 3
16 2 3 1 1 3
18 2 4 3
19 1 5 5
20 1 1 8
21 7
35
25 6
23 7
17 15
13 13
10 11
6 10
9
7
6 6 4
2 10 2
1 2 2 1
1 3 3 1
1 2 2 1
2 10 2
5 5 5
5
6
6