# 0.01952
3 3
2 2
2 2
2 2
2 2
1 1
3 3 3 1
1 7 1 2 1
3 3 2 1 2
3 3 3 2 3
3 6 3 2 4
5 5 4 2 5 1
3 7 4 2 3 2 2
1 1 3 4 2 2 3 2 3
1 3 2 2 2 3 2 4
5 2 2 2 3 1 5
2 3 11 2 3 2
4 3 3 9 2 3 2
6 3 3 7 1 3 2
4 2 3 3 5 2 3 2
2 2 2 4 4 5 2 3 2
2 2 2 4 4 4 2 2 3 2
3 2 2 4 2 5 7 2
3 2 2 6 4 5 3
3 4 2 5 4 6 2
1 2 2 2 7 10 2 2
2 2 2 2 6 6 2 2 2
2 2 2 2 2 2 4 2 2 2
3 3 4 2 4 2 4 1
2 3 3 2 2 2 2 10
2 2 1 2 2 4 2 2
2 1 2 2 5 2 3
2 2 6 2 3
2 2 2 12
2 2 2 10
2 2 2 2
2 2 2 2
2 2 2 2
3 3 3 3
50
---
1
1 1
1 1
2 3 1
2 1 2 6 4 1
2 5 8 4 1
2 1 3 3 4 3 1
4 4 4 3 2 1
2 2 1 2 2 2 1 1
4 4 2 2 2 1 1
2 1 3 2 5 1
2 5 2 2 3 1
2 1 5 2 2 3 1
2 3 4 4 2 2 3 1
1 11 2 2 3 1
1 5 6 2 2 1
2 3 5 2 2 1
1 3 11 2
2 3 9 2
1 4 4 3
9 20 1
9 18 1
4 2 2 1
4 2 2 1
6 2 2
5 5 2
11 3
29 1
14 13 1
5 4 1
4 2 5 1
4 2 3 2 1
4 4 2 1
3 16 1
3 19 1
3 5 3 2 3
3 5 5 3 2
7 3 2 3 2
6 3 2 3 1
3 2 2 1
3 2 2 1
3 11 1
3 15 1
3 5 1 2 3
3 6 1 2 2
9 1 2 2
7 1 3 1
1 3 1
4 1
4 1