# 0.00384
25
1 1
1 18 2 1
1 1 1 2 1
1 1 1 3 2 2 1 1
1 1 1 1 1 2 2 1 2 1
1 1 1 1 1 1 1 1 1 2 1
1 1 1 1 1 1 1 1 1 1
1 1 1 1 1 1 1 1 2 1
1 1 1 1 1 1 1 1 2 1
1 1 1 3 1 1 1 1
1 1 1 2 1
1 18 2 1
1 1
25
4
4
27
2 1 1 1 1 1 1 1 1 1 1 1 1 1 2
1 1 1 1 1 1 1 1 1 1 1 1 1 1 1 1
---
0
0
0
0
1
1
1
1 1
15 2
1 1 1 1
1 11 1 2
1 1 1 1 1 1
1 1 1 1 2
1 1 7 1 1 1 1
1 1 1 1 2
1 1 7 1 1 1 1
1 1 1 1 1 1 2
1 1 1 1 1 1 1 1 1
1 1 2 2 1 5
1 1 1 4 1
1 1 7 1 5
1 1 2 1 4 1
1 1 2 1 1 2
1 1 2 1 1 1 1
1 1 7 1 1 2
1 1 1 1 1 1
1 1 1 1 2
1 11 1 1 1
1 1 2
1 2 2 2 2 1 1 1
1 2 2 2 2 1 2
1 1 1 1
15 2
1 1
1
1
1
0
0
0