# 0.00484
3 25 3
3 6 6 3
1 6 6 1
4 4
2 2
3 1 1 3
4 1 1 4
5 2 2 5
7 7
7 7
7 4 4 7
7 6 6 7
7 6 6 7
7 6 6 7
8 5 5 8
8 3 1 1 3 8
9 3 9
8 3 8
8 5 8
8 2 2 8
8 8
9 9
12 12
10 1 1 10
8 1 1 1 1 8
7 1 1 1 1 1 1 1 7
6 1 11 1 6
5 1 1 1 1 1 1 1 5
4 2 2 4
3 3
6 6
9 9
2 9 9 2
2 23 2
3 25 3
---
2 24 3
2 24 3
3 24 1
23
21 1
1 1 19 1 1
4 19 5
5 2 11 6
6 1 3 7
4 13
3 4 1 5
2 6 3 5
1 6 1 4
1 6 3 3
1 5 1 3
1 3 2 3 2
1 5 1 2
1 3 3 2
1 5 1 2
1 3 2 3 2
1 5 1 3
1 6 3 3
1 6 1 4
2 6 3 5
3 4 1 5
4 13
6 1 3 7
5 2 11 6
4 19 5
1 1 19 1 1
21 1
23
3 24 1
2 24 3
2 24 3