# 0.00539
5
10 7 10
7 3 1 6 3 7
9 6 1 2 4 4 6 9
1 14 7 3 14 1
27 3 31
30 1 2 25
10 10 6 1 1 1 10 10
6 2 6 1 1 2 7
7 3 7 1 1 1 3 6
6 6 2 1 7
3 8 2 3
9
7
5
---
2
1 1
1 2
1 2
1 3
1 3
1 3
1 3
2 4
1 4
1 6
1 6
1 6
1 6
2 3 1
1 4 1
1 5 2
1 5 1
1 5 2
1 5 2
1 5 2
1 5 2
1 4 1
2 6
1 4
2 2
6
9
3 7
1 10
2 12
15
5 6
4 3 4
3 2 6
2 3 1 2
8 2
1 1 2
1 5
2 2
1 4
2 6
1 4 1
1 5 2
1 5 1
1 5 2
1 5 2
1 5 2
1 5 1
1 4 2
2 3 1
1 6
1 6
1 6
1 6
1 4
2 4
1 4
1 3
1 3
1 3
1 2
1 2
1 1
2