# 0.00616
28
28
28
3 7
11 7
13 7
15 1 1
3 3 1 1
3 3 1 3
2 2 1 1
3 4 1
2 3 3
2 3 1
4 3 1
5 1 1 1 1 2 3
3 1 3 3 3 3 2 1
2 1 1 1 1 1 2 1
3 1 2 3
3 1 2 1
1 3 1 1 1 1 1 1 2 1
1 1 3 4 3 3 3 5 3
2 1 3 1 1 1 1 1 1 2 1
1 1 3 1 2 1
1 1 3 1 2 3
2 1 3 1 1 1 1 1 2 1
1 1 3 1 3 3 3 3 2 1
1 1 3 1 1 1 1 1 2 3
1 5 2 1
8 4 2 1
8 3 3 3
10 2 3 1
2 2 5 3 2 1 1
2 2 2 2 2 2 7
2 2 2 2 2 2 1 1
2 2 2 2 2 2 1 3 1
2 2 2 2 15 1 3 1
2 2 2 2 13 1 1
2 2 5 11 1 1 1
2 2 4 22 1
8 28
---
12
3 12
4 3 1
3 14
3 12
3 3 1
12
9 12
13 2 2
15 9
3 3 7
2 3
3 22 2
3 7 1 4 2
3 4 3 4 2
3 3 1 1 1 3 2
3 3 3 3 2 2
3 3 1 1 1 5
3 3 3 5
3 3 1 1 1 5
3 3 3 3 5
7 1 1 1 5
7 3 5
7 1 1 1 5
3 3 3 3 5
3 3 1 1 1 5
3 3 3 5
3 3 1 1 1 5
3 3 3 3 2 2
3 3 1 1 1 3 2
3 4 3 4 2
3 6 1 4 2
3 21 2
40
6 1 1
6 1 2 1
6 1 2 1 1
6 1 1 1 1 1 1 1 1 1 2 1
6 1 1 1 1 1 1 1 1 1 1
40