# 0.01559
26 6 12
25 5 12
24 5 2 2 5
22 1 5 6 4
21 4 11
19 1 5 10
19 6 10
19 1 5 9
17 1 5 7
15 1 1 9 5
15 2 14
13 3 13
13 1 5 3 12
9 1 9 3 12
9 6 15
9 14
3 3 13
2 1 1 3 2 9
2 2 9 1 12
10 5 6 11
10 3 3 11
4 5 2 11
2 1 2 1 2 10
2 1 1 3 6
2 2 4 4
2 1 7
2 1 5 1
2 1 5
2 1 3
2 1 1
2 1 1
3 1 1
3 1 2
3 1 3
3 3 3 1 4
3 8 2 4
4 1 6 3 4
5 3 4 3 4
5 4 1 1 2
5 5 4
5 18
5 12
6
7 6
7 8
7
8
8
9 2
9 2
9 4
9 7
10 7
13 10
35
34
34
36
---
58
58
17 3 27
16 4 22
17 2 21
17 4 16
18 4 2 15
16 4 1 4 3 12
16 4 8 1 5 10
13 4 2 4 6
13 2 3 1 5
14 3 3 2 5
13 3 2 2 5
11 2 3 2 2 4
11 3 3 2 2 4
9 2 2 3 2 2 4
10 3 4 2 2 1 4
8 3 4 1 2 1 4
8 3 6 2 1 4
5 2 3 1 2 4
5 2 2 1 2 4
4 1 3 1 4
3 3 2 2 4
3 3 2 3 4
2 1 2 2 5
1 2 2 2 5
1 2 6
7
7
1 1 7
2 1 8
4 2 8
7 2 10
8 2 4 5
9 4 1 1
8 4 1
6 4
5 3
2 11
5 18
7 8 11
2 5 21
8 14 5
24 3
2 6 16 1
3 23
25 4
25 5
24 7
22 9