# 0.09977
6
1 8
11
1 5 2
1 1 1 6
2 1 5 1
4 1 2 1 6
5 3 3
1 4 1 6
4 4 5 2
1 1 2 1 7
1 1 3 4
2 2 2 4 1
5 5 7
2 3 6 5
2 3 13
3 5 9
3 3 4 4
7 4 4
3 9 5
2 3 8
1 1 7
2 1 7
3 1 2 3
2 2 3
1 3
2 3
3 2
2 2 2
2 4 2
2 6 2
2 11
2 4 5
2 4 4
2 4 4
2 4 4
2 4 4
1 4 4
1 3 4
1 3 4
1 3 5
1 3 5
1 3 6
1 3 6
1 3 6
2 3 6
4 3 8
12 10
5 2 4 2
30
---
1
1 3
2 3
4 1 4
5 14
1 7 2 5
3 3 2 7 2 1
1 2 4 2 9 3
4 3 2 11 3
3 3 2 4 4 1
3 4 2 4 3 1
3 5 2 4 2 1
5 2 2 4 1 1
3 1 2 4 1
2 6 2 2 4 1
1 3 4 3 8 1
3 4 3 5 7 1
3 1 1 1 3 2 1 8 1
3 1 1 1 6 1 2 9 1
4 11 2 10 1
7 8 3 2 8 3
6 3 9 5 1 7 3
12 14 3 6 4
16 6 1 10
1 14 6 7 1
2 1 15 8
1 1 1 1 2 7 7
2 2 1 4 4 1
1 2 2 3 1
2 1