# 0.00672
19
17
19
2 13 2
2 13 2
2 13 2
2 13 2
2 13 2
2 13 2
2 13 2
2 13 2
2 13 2
2 13 2
2 13 2
3 5 5 3
1 1 1 1
1 1 1 1
1 1 1 1
1 1 1 1
1 1 1 1
1 1 1 1
1 1 1 1
1 1 1 1
1 1 1 1
1 1 1 1
1 1 1 1 1 1
2 1 1 2
1 1 1 1
7 7
7 7
7 7
1 1 2 1
7 7
7 7
1 1 1 1
6 6
6 6
6 6
5 5
5 5
5 5
5 5
5 5
5 5
5 5
3 3 3 3
5 1 1 4
3 1 1 1 1 1 4
1 1 1 1 1 1 1 2
12 12
---
0
3
1 1
2 1
1 1
4
1 13 2 1
26 5
3 1 20 1
14 1 3 2 10 1
15 1 3 2 11 1
15 3 2 11 1
15 3 2 15
15 3 6
34
14
34
15 10
15 3 2 15
15 3 2 11 1
15 1 3 2 11 1
14 1 3 2 10 1
3 1 20 1
26 5
1 13 2 1
4
2 1
1 1
3
2