# 0.00481
6 15
1 3 21
1 7 6 3
1 8 6 10 2
1 4 3 18 2
1 2 14 6 2
9 8 2 3
36 3
7 11 7 4
1 8 6
1 2 17 14
1 5 5 20 2
1 8 6 12 2
1 7 6 5
1 6 21
6 1 18
1 4 3 1 2
7 3 1 2
1 4 8
1 7
---
1
16
1 3 1
1 7 6
1 7 6
1 3 4 5
5 4 5
3 5 4
3 3 2 3
2 3 5
1 1 1 4
2 1 3
3 1 4
3 2 3
1 1 2 1 1
2 1 2 1 2 5
2 1 2 1 2 1
2 1 2 1 2 3
2 2 2 1 6
2 2 2 2 6
2 2 2 2 6
2 1 2 2 2 1
2 1 2 3 2
2 2 3 3 2
2 2 2 3 4
2 2 2 2 6
2 2 2 2 6
2 2 2 2 2 2
2 2 2 2 2 2
2 2 2 2 6
2 2 2 3 2 2
2 2 2 3 2 3
2 2 2 3 5
2 2 2 3 3
2 2 2 2 2
2 2 2 2 2
1 1 1 2 2
1 1 1 2 2
2 2 2 2
1 1 2 1
2 2 2
2 5
8
6
4