# 0.00841
2 2
12
14
2 8 2
3 8 2
3 8 3
3 9 3
2 11 2
15 2
3 19 3
5 4 5 5
6 1 10 1 7
7 17 8
7 12 9
8 11
29
26
1 1 20
3 7 11
1 1 6 11
1 1 5 11
3 3 11
2 2 10
1 3 10
2 4 9
1 2 13
1 1 10
2 7
1 11
2 1 5
2 10
2 7
10
8
4
---
2
4
5
6
6
5
10
5 1 2
3 12
5 1 3 4
7 1 5 3
5 3 2 5 3 2
5 3 3 6 3 2
3 4 3 7 2 2
10 3 11 1 2
9 3 8 1 1 1 2
9 3 6 2 1 1 3
9 3 3 2 1 5
9 3 12 1 5
9 3 14 5
9 3 19
10 3 19
3 4 2 18
6 3 1 18
6 2 1 17
6 1 15
4 13
12
11
8
8
8
7
5
3