# 0.00587
30
13 14
13 1 14
9 10
8 9 9
7 8
3 2 13 7
2 1 7 7 2 2
1 1 2 1 1 1 1 2 1
3 5 1 1 1 5 1
1 6 1 1 3 3
2 8 1 1 6 3
3 4 1 1 3 3
4 2 1 1 1 2 3
5 3 1 1 3 1
5 6 1 1 6 1
5 2 1 1 2 1 2
5 4 1 1 1 4 6
5 2 1 1 1 1 2 6
5 7 7 6
13
6 9 7
7 8
6 7
30
---
9 10 4
8 9 4
7 1 8 4
6 3 7 4
7 3 6 4
8 3 4
6 7 1 1
5 13 1
4 7 7 1
3 2 1 1 1 1 2 1
3 1 4 1 1 1 5 1
3 1 2 1 1 3 1
3 1 5 1 1 6 1
1 1 2 1 1 3 1
1 1 1 1 1 1 1 2 1
1 1 2 1 1 3 1
3 1 5 1 1 6 1
3 1 2 1 1 3 1
3 1 4 1 1 1 5 1
3 2 1 1 1 1 2 1
4 7 7 1
5 13 1
6 7 1 1
8 4
8 4 4
7 4 3 4
7 6 3 4
7 4 3 4
8 4 4
9 5 4