# 0.01193
12 22
12 22
11 12 9
10 11 9
9 10 9
8 9 7 1
7 20 1
6 19 1
5 18 1
4 12 1
13 21
3 16
4 7 7
5 7 3 6
23 5 5
23 5 5
23 5 5
3
3 2 9
4 3 2 2
4 1 2 1 1
4 1 2 1 1 1 1
4 1 2 1 1 1 1
4 1 2 1 1 1 1
4 1 3 1 1 1
4 1 4 3
24 6
35
35
4 1 1 1 1 1
4 3 1 1 1 1
4 1 1 1 1
4 4 4
35
35
---
17 17
17 17
17 17
11 5 16
9 1 4 3 2
8 1 3 3 2
7 1 3 3 2
6 1 3 3 2
5 1 3 3 2
4 1 3 3 2
3 1 3 3 2
2 1 3 3 2
1 3 3 1 2
9 3 13 2
9 1 3 2 3 1 2
9 1 3 2 3 2
9 1 3 2 3 2
9 1 4 2 3 2
11 5 2 3 2
17 2 3 2
17 5 2
17 10 2
5 11 2 10
4 8 1 8 3
3 7 3 1 2 3
2 6 6 8
12 6 2 2
12 6 8
13 3 1 2 3
14 1 8 3
9 7 2 10
8 7 10 2
7 7 3 2
5 7 3 2
17 3 2