# 0.01040
45
46
36 11
35 13
35 5 6
7 28 5 5
6 8 15 5 5
6 5 14 1 1 3
2 3 3 5 1 2
2 2 3 1 1
1 1 4 1 1 1
1 1 4 1 1 1 1
2 1 1 1 1 1 2
2 1 1 1 2
6 1 1 1 9 6
2 1 6 1 16 1 2
7 7 1 3 5 7
7 8 19 7
5 1 26 2 1 5
1 1 1 2 2 2 2 1 1 1
---
8 10
8 7
8 1 3
8 1 3
9 1 4
10 4
6 1 4
5 3
7 1
10 3
9 4
9 4
8 4
8 5
7 5
7 4
6 8
6 1 1
6 1 1
6 9
6 1 2
7 1 2
8 9
9 4
9 4
9 1 2
8 2 2
8 2 2
8 2 2
8 2 2
8 2 2
9 2 2
10 2 3
10 6
10 5
3 4 3
2 3 5
4 2 5
7
7
7
8
6 1
4 4 4
5 1 4
8 1 4
6 1 3
6 1 3
4 7
4 10