# 0.00852
21
21
1 3
2 2 2
3 3 2
3 3 2 4
3 2 1 2
2 2 2 4 2 2
2 2 2 3 5 2
3 3 9 2
3 3 1 1 2 1
3 2 2 2 6 1
2 2 2 2 10
2 2 6 2
3 1 3
3 4
1 10
21 7
21 2 2
2 2 2
4 3 1 2
2 4 4 7 1
2 2 2 3 3 4
2 2 2 1 3 4
4 4 4 3 5 2
6
5
3
5
6
---
3 3 3 1 2
2 3 2 2 1 3
2 5 2 3 1
2 1 2 2 1
2 3 5 2
2 3 4 2 2 1 1
2 7 2 1 2
2 1 2 4
2 5 2 2 1
2 3 2 2
2 3 2 1 1
2 2 1 2
2 3 2 4
2 3 2 2 2 1
2 5 2
2 1 2 1 1
2 5 2 3
2 3 2 2 1 1
3 3 3
22
24
5 5
3 3 1 4
1 1 3 4 1 2
1 11 3 2
2 2 3 6 2
2 2 3 2 5
2 10 8
2 3 13
3 1 1 1