# 0.00567
2 3 2 4 2 1 1 3 2
1 5 1 1 1 1 2 1 5 1
1 5 5 1 1 1 1 5 1
7 12 7
9 9
30
30
30
30
30
9 9
7 12 7
1 5 1 10 5 1
1 5 1 12 5 1
2 3 2 11 3 2
2 3 4 1 1 1 1 3 3 2
1 5 1 1 1 2 2 5 1
1 5 4 1 1 1 1 5 1
7 12 7
9 9
30
30
30
30
30
9 9
7 12 7
1 5 1 10 5 1
1 5 1 1 10 5 1
2 3 2 11 3 2
---
3 7 6 7 3
1 9 2 9 1
13 13
30
30
30
13 13
1 9 2 9 1
3 7 6 7 3
2 5 1 1 2 5 1
1 2 5 1 1 1 2 5 1 1
1 2 5 1 1 2 5 1
4 5 6 1 5 4
1 1 5 4 1 5 4
3 5 8 5 4
1 1 5 4 1 5 4
4 5 5 2 5 4
1 5 4 1 1 5 4
1 1 5 8 5 4
4 5 4 1 5 4
1 5 6 1 5 4
2 7 6 7 3
1 9 2 9 1
13 13
30
30
30
13 13
1 9 2 9 1
3 7 6 7 3