# 0.00890
0
16 17
16 6 1
2 6 2 6 1
2 6 2 6 1
2 6 2 2 1 3 1
2 6 6 1 2 1
2 6 7 1 7
2 6 7 1 7
2 1 1 6 1 2 2 3
2 2 2 1 3 1 2
2 2 6 1 2
2 1 1 2 6 2 3
6 6 12 3
0
4 2
6 4
6 4
4 2
4 2
16 17
2 6 2 6 7
2 6 2 6 7
2 1 1 1 1 6 7
2 1 1 8 7
2 1 1 8 7
2 8 7
2 2 8 7
2 2 1 1 6 2
2 2 2 6 2
2 6 2 6 2
2 6 2 6 2
2 6 2 6 2
16 17
0
---
0
13 14
13 14
2 1 1 1
2 1 1 1
2 1 1 1
9 2 2 6 4
8 8 4
8 8 7
8 8 7
8 8 4
9 2 2 6 4
2 1 1 1
2 1 1 1
2 1 1 1
13 3 5
13 4 6
4
6
6
4 6
2 4
6 5 14
4 3 14
4 3 14
5 4 14
6 5 14
13 14
1 1 1 1
1 1 1 1
1 1 1 1
1 1 1 1
1 7 8 1
1 3 2 2 8 1
1 2 13 1
1 2 13 1
1 3 2 2 8 1
1 7 14
13 14
0