# 0.00565
9 11 9
9 1 11 1 9
9 1 11 1 9
9 1 5 5 1 9
9 1 3 3 1 9
9 2 1 1 1 2 9
9 2 3 2 9
10 2 2 2 2 10
11 3 3 11
12 1 1 1 12
12 12
12 7 12
11 2 2 11
10 2 3 2 10
10 2 5 10
10 2 7 10
10 2 5 1 10
10 2 3 2 10
11 2 2 11
12 7 12
12 12
10 10
10 11 10
9 11 6 2
9 2 2 9
9 2 3 2 9
9 1 5 1 9
9 1 5 1 9
7 1 3 1 7
6 4 3 4 6
6 1 1 3 1 1 6
1 1 3 1 1
6 1 2 3 2 1 6
6 1 1 3 1 1 6
1 1 9 1 1
6 1 1 9 1 1 6
6 1 1 1 1 6
6 1 15 1 6
6 1 15 1 6
6 6
---
31 2 5
31 2 5
31 2 5
31 2 5
31 2 5
31 2 5
29
28
28 10
16 1
5 5 3 1 7
2 3 3 2 9 2
4 2 5 4 2
5 2 2 2 2 2 2
6 2 2 1 2 2 2 2 2
5 2 1 3 1 2 2 2 2
4 2 1 5 1 2 11 2
3 2 1 1 5 1 2 11 2
4 2 1 5 1 2 11 2
5 2 1 3 1 2 2 2
6 2 2 1 2 2 2 2
5 2 2 2 2 2 2
4 2 1 2 4 2
2 3 2 9 2
5 5 3 1 7
16 1
28 10
28
29
31 2 5
31 2 5
31 2 5
23 7 2 5
31 2 5
31 2 5