# 0.03150
36
38
38
40
40
41
41
42
43
43
43
19 21
20 19
17 1 18
16 15
16 13
13 2 5
12 1 4
12 4
12 3
12 3
12 3
13 4
15 4
16 4
13 3 4
18 5
11 8 1 5
6 2 5 2 6
6 2 7 6
6 5 7
6 5 2 7
6 3 8 7
6 3 11 6
6 4 1 5 1 2
6 5 2 2 2 2 1
6 5 2 1 2 1
6 6 3 2
6 5 1
6 5 1 2
6 7 1 1
6 7 2 2
6 1 8 3 2
6 3 2 4 1 1 2
5 4 2 1 1 4
5 8 1 1 1
15 1 2
11 5 1
12 3 2
14 3 1
16 3 2
8 1 2 1 2
8 1 2
9 1 2
9 2 2
9 2 2
12 3
12 3
12 3
21
---
47
48
52
53
55
41 14
25 15
27 17
27 8 7
28 11 4
29 7 7
27 2 1 1 2 4 6
17 6 1 6 2 3 1
16 2 2 7 4 2 1
18 5 10 2 1 1
17 5 10 1 1 1
14 5 1 9 5 1
13 12 3 2 2
14 9 3 2 2
13 7 1 2 3
13 3 1 3 1 1
11 3 2 1 2
11 3 4 1
11 5 2
12 2 2
12 4 2
13 3 2 2
14 4 2 2
14 4 1 2
14 4 1 3
15 3 3
15 4 4
16 1 2 1
16 1 1
16 1 2
16 1 2
16 2 2
16 4 3
16 4 3
16 6 2
17 10
19 13
34
33
32