# 0.00829
1 12 1
1 20 1
1 24 1
1 12 12 1
1 11 11 1
1 12 12 1
1 13 13 1
1 12 12 1
1 13 13 1
1 11 1 8 1 11 1
1 11 1 8 1 11 1
1 1 2 1 6 1 10 1
1 5 4 1 1 6 1 1 12 1
1 3 6 1 2 2 2 1 12 1
1 2 2 1 4 4 1 11 1
1 12 1 10 1 12 1
1 2 3 1 10 1 12 1
1 2 2 2 2 1 10 1 11 1
1 3 1 4 1 10 1 12 1
1 11 1 10 1 11 1
1 2 4 1 10 1 12 1
1 5 2 3 1 10 1 12 1
1 2 4 1 10 1 12 1
1 12 1 10 1 12 1
50
---
25
1
1
1
1
13
16
3 2 1 2 1 2
5 1 1 1 1 1 2
6 1 1 1 1 1 2
6 1 2 2
7 1 1 1 1 1 2
8 1 1 1 1 1 2
9 2 1 3 3
23
24
10 2 2 1 5
8 1
8 15
10 1
7 13
5 2 12
4 4 11
4 4 11
3 5 10
3 5 10
4 4 11
4 4 11
5 2 12
7 13
10 1
8 15
8 1
10 2 2 1 5
24
23
23
22
21
20
20
19
17
16
13
1
1
1
1
25