# 0.01167
40
40
14 24
13 23
12 22
11 21
11 10 9
12 6 2 2 6
13 5 2 2 7
14 8 2 2 7
15 1 5 2 2 6
17 4 2 2 6
17 4 1 2 7
17 3 2 1 8
17 2 5
9 4 5 7
8 11 9
7 4 10
7 2 11
6 4 12
6 5 14
6 6 17
6 5 18
7 6 18
3 3 5 18
2 3 4 17
1 8 15
1 1 6 14
1 2 6 12
5 4 11
6 2 10
6 1 9
7 4 9
8 8 8
9 11 8
10 14 8
11 16 8
29 8
29 8
29 8
---
40
26 11
25 12
24 13
24 11
25 10
19 4 8
17 5 7
16 5 6
15 2 5 5
15 5 5 4
5 8 12 3
4 7 11 3
3 6 8 4
2 6 5 4
2 5 2 5
3 5 6
4 1 2 7
5 1 1 8
6 1 1 9
7 1 1 8
10 1 8
11 3 3 7
18 5 7
18 5 7
14 3 6 6
8 3 2 8 6
7 2 1 1 8 5
14 10 5
8 2 12
6 2 2 14
13 17
8 2 1 24
7 2 2 25
14 25
40
40
40
40
40