# 0.00657
3 6 3 6 3 3 7
1 1 2 2 1 1 2 2 1 6 1 2 1
1 1 2 2 3 1 2 2 3 2 3 3 1
1 1 1 4 2 1 1 4 2 1 1 2 2 4
1 1 1 6 2 1 1 6 2 2 2 2 2 4
1 1 1 6 2 1 1 6 2 6 2 1 1 1
1 1 1 4 2 1 1 4 2 1 4 2 2 3 1
1 10 2 3 10 2 3 1 1 2 4 1
1 1 2 2 1 1 2 2 1 1 1 3 2
10 6 10 6 3 3 8
2 32 9 6
1 1 1 2 2 2 3 2 2 2
1 1 2 1 5 5 9 5 2 5 3 2 2
1 2 2 1 1 1 1 1 1 5 2 5 2 4 1
1 1 1 1 1 1 1 4 1 4 4 6 1
1 2 1 1 1 1 1 1 3 3 6 1
1 4 1 1 1 1 4 1 5 2 5 2 3 1 1
1 2 1 1 1 1 1 1 1 5 2 5 3 3 2
1 2 2 1 1 1 1 1 1 3 2 2 1 1
2 2 4 3 9 9 7
---
10 8
1 2 1
8 6 3
1 1 1 3
1 1 1 2
1 1 1 2
1 1 1 3
1 6 2
1 2 1
12
6 3
2 2 1 1
2 2 3 1
1 4 2 8
1 6 2 1
1 6 2 1
1 4 2 8
2 2 3 1
2 2 1 1
6 3
20
1 2 1
8 2 3 4
1 2 1 1 1
1 2 1 1 1
1 2 1 3
1 2 1
1 2 1
1 2 1
6
6 10
2 2 1 1
2 2 3 2 2 1
1 4 2 2 2 1
1 6 2 2 2 1
1 6 2 2 2 1
1 4 2 2 2 1
2 2 3 1 1
2 2 2 2 2
6 8
20
1 2 1
2 8 2 2 1
1 2 1 2 2 1
2 2 1 2 2 1
2 2 1 2 2 1
1 3 1 2 2 1
2 8 1 1
1 3 2 2
10 8
7 6
2 2 2 2
2 3 3 2 2
1 2 2 2 4 1
1 2 1 2 6 1
1 1 4 2 6 1
1 3 2 2 3 1 1
1 2 1 3 3 2
2 2 2 2 1 1
2 4 7