# 0.02289
19 5
21 9
21 13
23 2 15
27 16
28 18
28 19
28 19
48
48
48
47
32 11
28 2 2 1 7
25 1 1 2 7
20 3 1 1 8
22 5 2 2 5
18 2 3 2 1 1 4
16 1 2 5 3
11 1 2 1 2 2 3
2 12 1 1 2 4 2 2
4 12 2 2 2 2 2 1
17 5 3 1 2
16 1 3 1 6
14 3 2 3 2 1 4
12 5 3 1 4 2 2
8 2 2 4 2 3 2 5
5 2 3 5 2 6 1 2
2 6 2 1 2 1 5
3 8 2 6 2
2 7 2 2 5
3 10 6 2
4 1 9 1 3 5
6 7 2 5 2
6 8 2 5
4 4 3
8 11
30
34
38
---
7
8
8 7
11 7
13 6
13 6
14 5
15 6
15 5
15 2 9
19 12
19 6 4
19 5 3 1
25 3 1
24 3 2
24 2 2 2
23 3 2 3
22 1 1 4 3
22 1 2 3
21 1 5 5
22 2 7 5
23 1 7 4
20 3 9 4
19 1 9 4
16 1 10 4
15 2 2 6 4
15 2 2 2 4 4
14 1 2 2 1 3
16 2 2 1 3
13 1 2 2 2 3
7 1 2 2 2 3
9 3 1 3
9 5 1 7 3
9 3 9 3
9 2 4 1 4 3
11 2 2 2 1 1 1 3 3
9 2 2 2 3 1 1 1 1 5
10 2 1 1 1 1 1 5
10 4 3 2 5
12 3 2 1 4
12 2 5 4
14 5 3 4
13 2 2 4
16 2 3 4
16 2 1 1 4
17 1 1 1 1 1 6
18 2 1 1 1 1 3 2
19 2 1 1 1 4 2
20 13 1
31 1