# 0.00995
30
30
8 8
8 8
8 8
8 2 8
8 4 8
8 4 1 8
8 7 8
8 2 3 8
8 7 8
8 7 8
8 8 8
8 9 8
8 9 8
8 7 2 8
8 7 1 8
8 8 1 8
8 7 1 8
8 7 8
8 7 8
8 8 8
8 8 8
8 2 6 8
8 2 2 2 8
8 2 2 2 8
8 6 1 8
8 6 2 8
8 2 3 2 8
7 3 7 7
7 2 7 7
6 2 6 6
6 3 6 6
5 10 5
5 11 1 5
4 12 2 4
4 14 1 4
3 15 1 3
3 17 3
2 18 2
---
40
40
39
37
35
33
31 1
29 4
2 5
2 8
2 7 11
2 3 30
2 25 7
2 18 2 10
2 3 30
2 32
2 17 14
2 3 3 7 11
2 3 4 11
2 4 3 4 6
2 5 4
2 3
29 2 2
31 5
33
35
37
39
40
40