# 0.00454
30
4 9
3 7
3 6
3 5
3 4
3 3
3 3
3 2
3 2
3 1
13 1
5 1 1
3 3 2 3 1
3 2 5 1 1
4 2 2 1 1
3 1 1
3 1 1 1
3 3 1
3 1 2 1 1
6 1 2 1 2
6 1 1 1 2
4 5 1 2
4 4 3
4 2 1 2
4 11 1
13 4
11 2
7 1
30
---
1 1 1
1 6 3 1
1 13 1
1 15 2 1
1 3 5 6 1
1 3 1 6 1
1 3 1 6 1
4 1 1 2 4 1
3 1 1 1 2 4 1
2 1 3 2 3 1
2 1 1 2 1
1 1 2 1
1 1 4
1 4 4
1 3 4
1 2 4
1 1 5
1 2 3 1 5
1 1 5 5
1 1 1 1 2 1
1 4 4 1 1
2 2 4 1
2 3 1
3 4 1 1
4 1 1
5 2 1
6 2 1
8 1 1 1
10 5 2 1
30