# 0.00357
32
36
38
18 18
19 19
17 4 17
2 1 2 1 2
3 2 6 2 3
4 1 6 1 4
5 1 2 1 5
6 1 2 1 6
8 2 2 2 8
9 2 2 2 9
12 2 2 2 12
15 8 15
17 2 17
19 19
18 2 18
17 3 17
17 4 17
17 2 17
18 18
19 18
17 2 17
17 4 17
17 4 17
18 2 18
19 19
18 1 18
18 3 17
18 3 17
18 2 18
19 19
19 1 18
18 2 18
18 2 18
18 18
38
36
32
---
32
36
5 32
5 31
6 31
6 30
6 29
6 29
6 28
6 27
6 27
6 27
6 26
6 5 26
8 2 26
6 2 25
6 27
5 2 1 2 2 14
6 2 1 1 1 1 2 1 2 4
3 11 4 4 3 2 3
3 11 4 4 4 3 3
6 2 1 1 2 2 1 2 1 4
5 2 1 2 2 3 9
6 27
6 2 25
8 2 26
6 5 26
6 26
6 27
6 27
6 27
6 28
6 29
6 29
6 30
6 31
5 31
5 32
36
32