# 0.01694
3
4
5
6
7
11
7 4
6 4
6 3
5 1 2
3 2 2 2
8 6 1
3 2 2 1 1
3 3 1 1 3 1 1
3 1 1 4 1 1 3
3 3 1 1 3 1 1
3 2 1 2 1 1
8 3 5 1
2 2 2 1
2 3 3 1
2 3 3 1
2 3 1 1 2 1
4 3
2 2 2 1
2 5 5 1
2 2 2 2 2 1
2 2 3 2 1
3 2 2 1
3 3 3 2
4 5 2
5 3 1
5 1 3
5 2
5 1
5 2
5 2
4 2
3 1
4
3
---
23
25
12 1 6
5 1 1 3 5
8 3 1 2 2 5
6 2 1 1 1 2 2 5
6 1 3 1 2 3 5
6 2 2 1 1 3 5
7 5 2 2 3 5
6 1 2 1 2 3 5
6 1 2 1 3 2
2 4 2 1 2 3 5
2 2 1 2 2 3 3
3 1 5 1 1 3 3
2 2 1 1 1 2 3 2
5 3 1 1 2 1
2 1 1 2 2 3
2 7 3 1
2 1 1 1
19