# 0.01213
1 14 1
26
30
5 2 1 2 1 1 6
5 1 1 1 2 1 2 1 2 5
5 2 2 2 1 2 5
5 3 2 2 4 6
30
30
5 5
3 18 3
3 10 10 3
3 5 2 2 5 3
3 5 4 5 3
3 4 10 4 3
3 2 12 2 3
3 2 5 5 2 3
3 2 3 3 1 3
4 1 4 1 4
4 1 3 3 1 4
3 1 5 1 2 5 1 3
3 1 3 3 1 3
3 2 3 1 1 3 2 3
3 1 2 2 2 2 1 3
4 2 6 5 2 4
4 2 6 2 4
4 5 1 1 5 4
3 3 2 2 3 3
1 4 2 3 3 2 4 1
1 5 2 5 2 5 1
1 4 4 3 4 1
2 4 12 4 2
2 4 10 4 2
3 5 8 5 3
3 5 6 5 3
4 5 4 5 4
5 5 2 5 5
6 5 5 6
7 5 5 7
8 10 8
---
1 18 12
25 9
29 7
9 14 5
9 7 10 4
2 2 12 7 3
2 5 5 5 7 2
3 4 5 2 1 4 5 1
5 3 4 2 3 5 5
3 2 2 3 5 6 5
9 3 3 5 1 3 5
3 4 3 3 2 1 1 4 4
5 2 2 2 1 6 4 3
5 2 2 3 3 4 3 5 2
3 4 1 3 1 2 1 6 1
9 1 3 1 1 1 1 6 1
3 2 2 3 3 4 3 5 2
3 1 3 2 2 1 7 4 3
3 1 3 3 3 2 1 1 3 4
3 3 3 3 5 1 3 5
9 2 3 5 6 5
3 2 4 2 3 5 5
2 2 2 5 2 1 4 5 1
2 2 2 5 5 7 2
3 3 12 7 3
9 6 10 4
9 14 5
29 7
25 9
1 18 12