# 0.01184
5
7 8
2 2 6 1
5 2 6 2 1 3 1
8 3 1 2 3
2 1 2 4
2 1 2 2
1 1 1 3
26 5
1 2
2
37
2 2
2 2
39
39
2 9 2
20 2
2 9 8 4
2 2 1 2 1 1 1 1 2 1 2
2 2 1 2 1 1 1 5 1 2
2 2 1 2 1 1 1 2 2 1 2
2 2 2 2 10 6
2 2 1 3 1 5 2
2 1 2 1 4 2 1 3 2
2 12 2 3 2 2
13 5 4 4 2
39
1 1 1 2
1 9 2 2
2 1 3 2
1 2 3
2 1 1
1 2 1
1 1 1
25
0
40
0
0
---
1 1 3 1
1 1 15 3 1
1 1 19 1
1 1 2 2 1 2 1
2 1 1 2 1 2 1
2 1 1 2 1 2 1
1 1 1 2 1 2 1
1 1 1 2 1 2 1
1 1 1 2 1 2 1
1 1 1 1 2 1 2 1
1 1 1 1 2 1 1 2 1
2 1 1 1 2 1 2 1
3 1 1 16 1
2 1 1 14 3 1
1 1 1 5 1 1 1 3 1
1 1 1 12 1 1 3 1
2 1 1 5 1 1 1 1 1 1
1 1 1 5 1 1 1 1 1
1 1 1 5 1 1 1 1 1
1 1 1 14 1 1 1
1 1 1 16 1 1
2 1 1 2 5 1 1
1 1 1 2 4 7 1
2 1 1 2 5 3 3 1 1
2 1 1 2 1 1 1 2 1 1
3 1 2 5 1 1 1
1 2 1 1 1 1 1
1 2 1 1 1 1 1
1 2 5 3 1 1
1 2 1 6 1 1
3 1 2 5 1 2 1 1
2 1 2 4 3 1 1
2 1 2 2 4 1 1 1
3 3 1 2 3 1 3 1 1
2 2 1 2 5 2 1 1
5 3 1 2 6 1 1
4 2 2 1 2 5 4 1 1
2 3 2 1 2 1 1 1 1 1
3 27 1 1
2 28 1 1