# 0.00710
0
27
2 3 2
1 3 2
2 2
1 2
2 2
1 2
2 2
1 1
10 13
10 12
10 11
10 10
31
1 1
1 17 1
1 2 1 2 1
1 1 3 1 1
1 1 2 2 2 2 1 1
1 2 2 1 1 1 2 2 1
1 2 5 3 5 2 1
1 2 2 1 1 1 2 2 1
1 1 2 2 2 2 1 1
2 1 3 1 4
1 2 1 2 1
1 17 1
1 1
31
0
---
1
16
3 1
4 1
7 1
3 5 1 1
3 5 3 1
3 5 4 4 1
2 5 2 1 2 1
1 5 1 3 1 1
1 5 1 5 1 1
1 3 1 1 1 1 1 1 1
1 2 1 1 1 1 1
1 1 1 1 1 1 1 1
1 1 1 1 1 1 1
1 1 1 1 2 1 2 1 1
1 1 1 3 3 3 1
1 2 1 1 2 1 2 1 1
1 2 1 1 1 1 1 1
3 3 1 1 1 1 1 1
3 3 1 1 1 1 1
3 5 1 1 1 1 1 1
1 5 1 5 1 1
1 5 1 3 1 1
1 5 2 1 2 1
1 5 4 4 1
1 5 3 1
1 7 1 1
1 2 4 1
1 2 3 1
1 2 2 1
1 2 15
1 2 1
3 1
2 1