# 0.00393
30
1 1 1 1 1 1 1 1 1 1 1 1 1 1 1
30
30
15 12
14 1 12
14 14
2 10 11 1
6 4 4 6
1 6 6 1
2 3 6 6 3 1
1 1 5 4 1
1 4 5 4 5
1 4 4 1 4 5
1 5 4 1 2 6
1 5 3 2 1 6
1 6 4 4 7
2 7 7 7
2 8 5 8
2 9 9
2 23
0
30
1 1 1 1 1 1 1 1 1 1 1 1 1 1 1
30
---
8 11 3
1 6 2 4 1 1
7 3
1 5 1 3 1 1
11 9 3
1 9 9 1 1
10 9 3
1 8 10 1 1
11 7 3
1 11 5 1 1
8 5 3 3
1 7 7 2 1 1
9 8 1 3
1 7 9 1 1 1
5 1 3 1 3
1 2 2 2 1 1 1
4 4 4 1 3
1 2 3 1 1 4 1 1 1
9 4 2 1 3
1 7 7 2 1 1
8 5 3 3
1 11 5 1 1
11 7 3
1 8 10 1 1
10 9 3
1 9 9 1 1
11 9 3
1 5 1 8 1 1
7 3
1 6 2 1 1