# 0.01014
6
2 2
4 3
3 1 1 2
1 1 1 1 3
1 1 1 1 1 1
2 1 1 1 1 4
2 1 1 1 1 1 4
2 1 1 1 1 1 1 4 3 3 3 3
2 1 1 1 1 1 1 1 2 2 3 2 2 3 2
1 2 1 1 1 1 1 1 3 3 2
1 3 1 1 1 1 1 1 2
1 3 1 1 1 1 1 1 26
1 3 1 1 1 1 1 1 2
1 2 1 1 1 1 1 1 2
2 1 1 1 1 1 1 1 2
2 1 1 1 1 1 1 24
2 1 1 1 1 1 4
2 1 1 1 1 4
1 1 1 1 1 1
1 1 1 1 3 1 1 1 1 1 4 4 1 2
3 1 1 2 1 1 2 1 1 1 1 1 1 3
4 3 1 1 4 1 1 1 1 2
2 2 1 1 1 2 1 1 1 1 1 3
6 4 1 1 3 4 4 1 2
---
7
2 2
2 3 2
2 5 2
4 7 4
2 2
21
2 2
25
1 1
1 1
1 1
1 1
25
2 2
21
2 2
17
1 1
1 1
13
1 1 5
1 1 1
2 2 1
1 1 1 5
1 1 1
2 1 1 5
2 1 1 2
1 1 1 2
2 1 1 5
2 1 1
1 1 1 5
2 1 1 1
1 1 1 1
2 1 1
1 1 1 5
2 1 1 1 1
2 1 1 1 1
1 1 1 5
2 1 1
2 1 1 5
1 1 1 1 1
2 1 1 1 1
1 1 1 2 2
2 1 1
1 1 1 5
2 1 2 3
2 1 2 2 2
5 1 1
3