# 0.04060
14 1 18
13 1 5 11
4 7 6 3 1 10
3 1 5 2 2 3 11
4 6 2 2 14
10 1 2 5 3
10 5 4 3 1
6 1 2 1 1 1 2 1
4 1 1 1 1 1 1
3 1 1 2 1 1 1
2 1 1 1 1 1 1
1 1 2 4 2 1 1
1 1 3 2 1 1
1 1 3 3 1 1
1 1 1 5 1 1 1
1 1 1 1 1 4
4 1 2 2 1 1 2 1
2 2 1 9 1 1 1 1
1 1 1 1 1 1 1 1 1 1
1 1 1 1 1 1 1 1 2 2
1 1 1 1 1 1 1 1 2
1 1 1 1 1 1 1 3
1 1 2 1 1 2 1 3
1 2 2 1 2 1 1 4
1 1 2 1 1 1 8 5
3 9 1 1 1 1 1 1 6
4 1 1 2 1 1 1 1 1 9
5 1 1 4 1 3 1 9
7 1 1 1 9
7 1 1 1 2 2
7 17 2 1 1 2
7 2 2 2 1 2
7 17 2 1 1 2
7 2 1 2 2
3 4 2 1 2 6
2 1 4 2 3 7
3 6 2 2 9
8 2 2 2 10
7 2 10 2 5 2
6 2 8 2 4 1 1
---
7 16
7 15
7 10 4
3 3 8 1 3
2 1 3 8 4
3 4 9 12
9 2 14
10 1 1 4
11 1 1 2
18 1 2
5 7 1 2
3 7 10 2
2 6 2 4 1
1 9 2 1 3
2 1 12 2 1 1 2
2 1 2 2 2 1 1 1 2
1 2 2 1 3 1 1 1 2
1 4 1 1 1 2 1 1 2
3 1 1 1 1 1 1 2
1 1 1 14 1 2
2 2 2 2 1 1 1 2
2 1 2 2 1 1 2
1 3 13 2 1 1 2
2 7 3 1 1 1 2
3 7 1 1 1 2
4 6 3 1 1 2
6 3 3 2
2 5 8 14
1 1 12 1 2 1
2 4 1 1 2 2
6 2 1 2 2
5 4 10 2
5 6 7 4
5 3 5
5 4 1 1 6
5 5 1 6
5 6 1 1 5
6 8 4 1
6 20
8 24