# 0.02224
18
24
9 18
12 4 9
17 5 6
8 2 3 5 5
17 5 5
5 14 3 3 4
10 3 2 3 2 4
13 5 10 3
7 4 12 2
4 4 5 2 2 2 2 1
10 2 4 2 2 1
6 4 6 1 3
3 7 3 2 1
8 2 5 2
10 4 3 1
6 9 3 1
2 1 4 3 2
6 4 3 1
9 2 1
14 3 6
3 10 4
5 2
7 6 5
3 8 3 1
12 2 3
14 3 2 2
4 10 2 3 1
5 2 3 1
11 3 3 3 2 2
4 10 7 3 3 3
6 4 11 3 4
6 2 3 5
15 7 6
3 3 6 7
5 3 12
19 6
5 4 4 6
19
---
17
22
12 13
9 7 2 7
7 2 3 3 11
11 3 3 4 6
11 2 2 4 1 4
5 2 2 3 3 3 7
9 3 2 3 4 8
9 3 2 2 5 2 2 2
10 2 2 2 5 2 5
4 2 2 3 2 2 5 3 6
8 3 2 3 2 1 2 3 2 3
8 4 1 3 2 1 2 2 1 3
5 2 2 1 2 1 1 2 2 2 1 3
2 2 3 1 1 2 1 1 1 1 1 1 1 1
5 4 1 1 2 1 1 2 1 3
3 1 4 1 1 2 1 1 4
3 1 2 1 1 1 1 1 8
3 1 1 1 2 2 8
3 2 1 1 3 1 2 1 1 1
3 1 1 4 2 1 3
4 1 3 2 2 1 3
4 12 2 2 3
5 3 1 8 1 2 1 3
6 3 3 2 1 2 3 1 2 1
3 2 1 4 2 1 7 1 2 1
16 6 3 1 1 1 2
11 4 4 2 1 1 2
4 2 3 4 1 2 4
3 1 3 2 1 3
4 2 4 1 2 4
3 1 2 2 2 1 4
4 2 1 1 1 2 4
4 1 2 1 2 1 4
5 1 1 2 4
5 2 1 5
5 1 5
5 5
5 6