# 0.01923
13 16
12 17
12 17
11 17
10 17
9 18
7 17
7 17
7 6 17
7 6 16
7 7 14
6 14 14
6 13 13
5 10 12
4 7 12
3 2 12
3 2 12
3 12
2 10
3 9
3 8
3 8
2 7
2 1 9
2 6 9
7 8
6 7
3 5
2 5
3 2 1 4
1 1 10 5
1 1 12 7
1 1 5 4 8
3 3 5 9
2 9 19
3 7 18
1 1 6 15
1 1 1 4 15
1 1 1 2 15
1 1 1 2 16
1 1 3 1 3 19 1
1 1 1 1 3 22 1
1 1 1 1 1 1 21 2
3 3 3 17 3
17
---
9
10
10 15
11 1 3 1
12 5 9
13
15 6 4
6 17 1 1
6 12 2 4
5 8 2
4 2 2 7
3 6 1 1
1 2 9 3
4 4 5
5 1 6
6 1 8
6 2 3 6
8 2 7
9 2 4 1
1 4 1 3 3 2
1 4 2 3 2
1 4 2 1 2
1 3 2 3
3 4 3
2 4 5
2 4 6
11
1 11
8 11
10 11
10 11
12 11
13 11
18 11
20 12
22 13
25 13
26 14
27 14
27 14
29 8 5
36 1
34 2
19 9 3
18 8 5