# 0.02755
50
1 2 1
5 1 2 3 1
2 2 5 1
5 1 2 2 1
1 2 6 1 1
7 8 3 3 1
1 2 14 5 1
4 2 14 5 1
3 3 7 4 3 6 1
7 6 2 6 1 1
2 2 7 6 1
1 3 1 8 6 1
1 1 1 1 6 3 1
2 1 1 2 3 1
7 10 1
1 2 3 6 1
3 1 1 3 7 1
1 2 2 6 1
7 5 6 1
1 2 3 9 1
5 1 3 6 2 1
2 2 3 2 2 1
5 1 2 2 3 1
1 2 2 7 1
7 7 8 1
1 1 9 7 1
1 1 1 1 9 5 1
1 3 44
9 2 2 1 3 3 2 2 2 2 2 5
3 4 1 1 1 1 1 2 1 1 1 1 2 2 2 1 2 2 2
2 3 1 1 1 1 2 1 1 1 2 2 4 1 1
3 4 1 1 2 1 1 2 1 1 1 1 2 2 2 1 2 2 2
8 1 1 2 1 4 1 2 1 2 3 2 2 5
50
---
35
1 3 1 4 2 1 1 3 1 6
1 1 1 1 3 2 1 1 1 1 1 1 4 3
1 1 1 1 1 1 1 1 1 1 1 1 2 2
1 1 1 1 2 4 1 1 1 1 1 4 3
2 1 7 2 3 1 2 6
35
1 7
1 2 1
1 1 1 3
1 2 1
1 7
1 2 1 1
1 6 2 4
1 6 3 3
1 2 1 2 3 1
1 5 2 1 10
1 7 2 4 1
1 9 1 4 3 1
1 9 1 8 2
1 10 3 14
1 18 10
1 5 11 4 2
1 4 2 7 7 1
1 4 1 8 2 2
1 4 8 5 1
1 4 2 4 1 2
1 4 1 1 7
1 3 2 1 2 1
1 3 1 2 4 1 3
1 2 9 1
1 3 13
1 4 5 5
1 1 4 6 1
1 2 3 4 1 5
1 2 2 4 7
1 2 2 2 2 2
1 2 1 1 3 1
1 2 1 1 3 1
1 1 3 2 1 2
1 2 7
1 3 1 1
1 2 3 3
1 3 3 3
1 2 1 1
1 3 7
1 3 3
1 2 2
1 3 3
35