# 0.01430
25
1 1
1 7 1
1 9 1
1 2 3 1
1 1 2 1
1 2 3 1
1 1 2 1 1 1
1 1 1 4 1
1 2 2 2 3 1
1 1 1 2 1
1 2 2 1 2 2 1
1 2 2 2 1 1
1 1 6 1 1
1 4 3 1 1 1
1 1 1 3 1 1 1
1 3 2 7 1 1
1 1 3 4 8 1
1 1 8 1
1 1 8 1
1 21 1
1 1 16 1
1 1 1 14 1
1 4 14 1
1 6 7 1
1 6 7 1
1 1 1 1 1 1
1 4 4 1
1 1 1 1 1 1
1 5 1 1 1 1
1 1 1 1 1 1 1
1 9 5 1
1 9 2 1 1
1 5 1
25
---
35
1 1
1 1 5 1
1 2 1 1 1
1 6 4 1
1 4 1 1 1 1 1
1 4 3 1 1 1 1 1
1 3 6 4 4 1
1 2 1 2 2 2 1 2 1
1 2 3 3 1 6 1 2 1
1 2 1 1 5 6 4 1
1 2 1 5 10 2 1
1 3 2 1 6 1 2 1
1 5 2 1 6 1 2 1
1 4 3 1 13 1
1 4 8 2 1
1 1 12 1
1 1 18
1 2 9 1 4
1 1 9 1 1 2
1 2 15 2
1 2 9 4
1 15 1
1 1
35