# 0.01222
8
8
2 6
12
9
2 5
2 4
9 3
3 2 3 2
3 2 3 2
2 2 2 2
2 2 2 2
2 2 2 2
1 2 1 2
2 2 2 2
1 2 3 1 2
2 2 1 2 2
1 2 1 1 2
1 2 1 1 1
1 6 1 2
1 1 2 1 2
1 1 2 1 2
1 1 1 2
1 1 1 3
1 3 2 7
2 2 4 1 2
2 2 2 1 1 1
2 2 1 1 1 2
2 2 1 3 1
2 2 1 1 1
2 2 2 2
2 3 2 2
3 3 3 3
10 5
40
---
10 1
3 3 1
3 3 1
2 2 1
2 2 1
2 2 1
1 2 1
2 1 1
1 3
2 2 1 2
2 1 1 2
2 1 6 2
2 1 1 2
22 2
22 2
2 2 1 1 2
2 2 1 5 2
2 2 1 3
3 1 1 1 1
3 2 2 1
4 1 1 1
5 2 2 1
2 2 2 2 1
2 2 2 3 1
2 2 3 4 1
1 2 3 3 1
2 9 1
2 1
2 1
3 5 1
4 2 3 1
4 2 2 1
5 2 3
10 2
4 2 2
6 2
1 3
2 2 1
3 3 1
4 1