# 0.00191
30
29
27 2
30
25 3
6 14 2 3
2 2 2 10 3
3 1 1 10 4 3
3 2 3 6 6 3
4 1 2 6 8 2
1 2 2 6 10 1
2 2 1 6 12
3 1 1 2 3 12
1 1 1 2 5 12 1
2 1 1 1 6 2 4 2 1
3 1 2 4 2 4 2 1
4 1 1 5 12 1
5 7 12 1
5 8 12 1
5 8 12 1
5 8 5 4 1
5 8 2 1 1 1 1
1 1 1 1 1 1 1 2 1 1 1 1
1 1 1 1 1 1 5 4 1
1 1 1 1 1 1 1 5 4
---
23 1
10 2 8 1
6 4 2 8 1
7 3 1 6 1
9 3 1 6 1
6 2 1 1
5 2 3
7 3 2 1 4 1
6 3 3 1 6 1
9 3 2 5 1
8 3 2 7 1
22 1
23 1
22 1
11 10 1
10
9 14
8 15
7 5 5 2
6 6 5 2
6 18
5 13
5 13
6 13
6 6 9
4 5 5 2
4 11 2
2 6 14
10
1 9 11