# 0.01598
3
2 2
2 2
2 2
2 3
2 3 4
2 4 1
2 4 1
2 4 1
2 4 1
2 3 1
27
1 4
1 3 4 4
1 1 1 4
1 1 1 4
1 4
1 4
1 4
2 4
2 4
2 4 4
3 2 1 1 4
1 6 1 1 4
1 6 1 1 4 2
2 7 1 12
1 6 3 1
2 7 3 3
1 6 1 1 2 3
2 3 3 2 5
1 5 1 1 1 5
1 3 5 5 5 9
1 1 5 3 3 5
1 1 5 3 5 5
1 5 1 1 3 5 1 1 1 1 1 1 5
1 5 1 1 3 5 1 1 1 1 1 1 5
1 5 1 1 3 5 1 1 1 1 1 1 5
1 5 1 1 3 5 1 1 1 1 1 1 5
1 5 1 1 12 1 1 1 1 1 1 5
22 22
---
1
11
3 1
3 1
4 3 1
1 1 1
4 1 1
5 1
6 1
6 10
6 10
7 10
2 4 10
1 2 2 10
2 2 1
11 6
2 1 4 1
2 1 6
2 1 1 1
2 1 3 1 9
2 1 1 12
2 1 1 1 9
2 1 1 1
2 1 1
2 1 4 1
1 1 1 1
2 1 1 6
2 1 1 1 6
3 1 3 1 9
3 1 1 12
3 1 1 1 9
3 1 1 1 1
3 1 6
4 1 1
5 6
24 1
1 21 1 6
1 17 1 1
21 1 6
1 1 1 1 1
1 1 6
1 1 1
1 1 6
1 1 1
1 2 8
2 4 8
7 8
4 8
2 8
1