# 0.01059
4 4
7 7
8 8
9 9
12 12
1 12 12 1
1 8 8 1
3 3
8 8
10 10
13 13
12 12
4 4
1 1
2 2
5 5
4 4
2 2
1 5 1
1 7 1
1 9 4 1
1 6 1 6 1
1 5 4 7 1
6 2 1 2 1 4 1
5 5 3 5 1
4 5 3 5 1
5 2 4 4 4 1
5 8 15
3 7 15
1 6 1 9
1 8 3 8
1 7 4 6 7
1 6 7 8 6
1 5 9 15
1 4 11 4 11
1 10 5 4 10
1 9 7 4 9
1 8 2 6 4 8
1 7 4 5 5 7
40
---
40
5 6 4 6 1
5 6 2 7 10
6 5 2 8 10
5 4 1 6 2 11
5 4 6 1 12
5 4 5 10 5
4 4 4 10 6
4 3 8 5 7
3 3 3 1 2 4 6 1
3 2 2 3 2 5 2
3 2 3 3 5 3
2 1 2 4 4
2 3 6 2
2 3 7 1
1 3 8
2 7
6
4
3
1
2
3
4
1 6
2 2 8
2 3 6 1
2 1 3 6 1
3 2 8 1
3 2 2 3 5 1
3 3 5 2 5 1
4 3 3 2 3 6 1
4 4 6 4 6 1
5 4 12 7
5 4 19
5 4 1 2 15
6 5 2 14
5 6 2 13
5 6 4 13
40