# 0.01049
2 2
2 2
2 2 2
2 2 2
2 2 2
2 1 1
7
7
4 5
3 6
3 1 3
4 6
5 5
14
7 1 6
3 1 1 5
11 2 4
2 1 3 3
12 10
2 1 1 7
14 1 7
2 1 3 5
15 5 4
2 1 8
2 1 7
21 6
2 3 3 5 5
3 2 2 2 2 2 4 3
2 3 3 3 4 3
2 1 1 1 2 1 2
1 20 3
1 25
27
26
7 13
4 5 5
2 3 3
1 1 1
1 1 1
1 4 4
---
8
9
5 4
5 5
5 2 5
3 1 7
2 1 1 2 5
4 1 3 4
3 1 1 2 4
1 1 1 1 3 4
2 1 1 1 1 2 4
2 1 1 1 1 6
3 1 1 1 1 2 5
1 1 1 1 1 3 6
1 1 1 1 1 2 7 1
1 1 1 1 1 3 10
2 1 1 1 1 1 2 7 1
2 1 1 1 1 1 8 1
10 1 2 5
1 3 6
4 3 2 7 1
7 32
2 8 3 2 12 1
2 8 2 2 3 6 1
8 3 2 3 3 4
3 2 1 3 3 4 3
1 5 5 3 4 3
3 11 4 9
2 24
21
2 2 10
1 1 4
1 1
0
0