# 0.01031
45
2 2
1 1
1 12 15 1
1 2 2 1 1 2 2 1
1 2 6 7 2 1
1 2 5 1 4 7
6 2 1 1 2 1 1 1
1 1 1 1 1 1 1 1 1 1
1 1 1 1 1 1 1 1 1 1
1 1 1 2 2 1 1 1 1 1
3 1 5 2 2 1 1 1
14 6 8
1 3 10 3 1
1 1 1 1 3 1 1 1
1 3 3 3 3 1
1 1 3 1 2 1
1 3 1 1 1 7 3 1
1 3 6 3 1 1 1
1 1 1 2 5 3 1
1 3 1 2 1 1 1 2 1
1 3 6 2 2 4 1
1 3 2 1 1
1 1 2 6 2 1
1 2 1 4 4 4 5 1 5 1
1 5 5 3 4 7 1
1 4 4 4 5 1
1 1
2 2
45
---
30
2 1 2 2
1 9 4 1
1 1 2 4 2 1
1 9 5 1
1 2 1 4 1
1 2 1 1 2 1
1 2 1 2 1 1
1 2 1 3 1
1 1 1 1 1
1 1 4 1 3 1
1 1 2 3 1 1 1
1 1 1 2 3 1
1 2 1 2 3 1
1 4 2 2 2 1 1
1 1 7 1 1 3 1
1 1 1 7 3 1
1 1 1 3 4 1 1 1
1 1 1 2 1 1 3 1
1 3 2 2 1 1
1 3 1
1 1 1 1 1 1
1 3 1 3 3 1
1 1 1 2 3 3 1
1 1 1 6 1 1
1 1 7 2 3 3 1
1 1 1 2 1 3 1 1 1
1 1 1 1 1 1 1 1 1
1 4 2 3 1
1 2 1 2 3 1
1 1 1 2 1 1
1 1 2 3 3 1
1 1 5 1 1 1 1
1 1 1 1 1 1
1 1 1 3 1
1 1 1 2 1
1 2 1 3 1
1 2 2 2 1 1
1 2 1 1 2 1
1 10 7 1
1 1 2 3 3 1
1 14 1
1 1 1 1
2 1 1 2
30