# 0.02860
23 17
10 13 16
9 6 6 16
8 5 6 16
7 3 16
7 14
6 14
6 15
6 15
5 16
5 16
5 16
5 15
5 15
5 14
5 14
5 14
5 14
5 10 2 12
5 6 15 6 2
5 9 3 5 8 1
8 3 1 9 7 1
7 7 4 2 6 1
5 4 3 2 1
5 2 2 2
5 2 1 2
5 3 2 2
5 4 2 3
5 3 3
5 2 4
5 3 5
5 2 6
5 1 7
5 1 2 8
5 3 11
6 4 11
6 4 11
6 2 12
7 12
7 10 13
8 14
8 15
8 4 4 11
9 4 11
10 5 12
10 4 2 9
11 5 3 3 6
12 4 3 3 5
13 4 3 2 4
16 10 2 5
---
50
50
50
50
50
9 2 15
6 3 12
4 2 10
3 2 1 7
2 2 2 6
1 2 2 4
2 2 2 3
3 2 2 2
4 4 1
4 3 1
4 1 1 1
5 1
5 1 1 1
2 1 2 1 1
3 3 1 1
4 3 1 1
4 3 2 1
4 3 3 1
3 3 1
2 2 1 1 1
1 2 1 1
2 2 2
2 2 2
2 2 3
2 2 4
4 2 1
5 3 1
4 3 2
1 2 4 2
5 3 2 4 2
5 7 2 4 2
19 5 2
18 4 2 1
19 2 1 5 2 2
20 19 2
32 12 2
28 14
24 14
23 1 14
25 2 16
19 7 18 1
19 2 21
19 1 23
20 26
50