# 0.00721
10 28
10 19 8
4 4 9 15 1
8 2 4 7 13
7 16 4
6 14 3
7 2 7 7 1 3
2 4 1 2 1 15 1 1 1 3
7 1 2 1 14 1 1 1 2
6 14 3
5 12 2
5 11 1
5 2 1 2 1
5 2 2 3 2 2 1
5 1 2 1 1 3 1 2 1
5 1 2 1 1 1 1 1 1 2 1 1
5 1 2 1 1 1 1 1 1 1 2 1 1
5 1 1 1 1 1 1 1
5 1 1 1 1 1 1
5 1 1 1
5 1 11 1 1
5 3 1 1 3 1
2 2 3 1 1 1 1 3 1
2 2 7 1 1 1 1 7 1
1 2 1 3 1 1 1 3 1 1 1 3 1 1
1 1 1 1 1 1 1 3 1 1 1 1 1 1
1 11 3 10
2 2 13
2 2 1 1 1 1
2 2 1 1 1 1
2 2 2 1 1 1 1 2 2
2 2 2 1 1 3 1 1 2 2
16 1 5 1 11
1 5 1
1 1 1 1 1 1 1 1 1 5 1 1 1 1 1 1 1
1 1 1 1 1 1 1 1 1 5 1 1 1 1 1 1 1
1 1 1 1 1 1 1 1 1 1 1 1 1 1 1 1
1 1 1 1 1 1 1 2 2 1 1 1 1 1
1 1 1 1 1 1 2 2 1 1 1 1
2 2
---
33
24 6
7 14 1 5
25 6
2 30 5
10 1 1
5 3 1 1 5
4 3 4 1
3 2 1 1 1 5
2 4 6 3
1 3 4 4 1 3 5
1 3 6 1
2 3 1 1 1 5
3 2 4 1
4 1 1 4
5 3 10 5
10 2 1 3 1
14 1 1 2
3 9 4 1 4 1 7 2
12 1 2 2
12 1 1 4
12 2 1 1 4 5
2 3 8 1 1 1 4 5
12 2 1 1 4 5
12 1 1 4
12 1 2 2
3 9 4 1 4 1 7 2
14 1 1 2
11 2 1 3 1
8 1 10 5
5 1 1 4
1 2 2 2 4 1
4 1 1 1 5
4 3 4 6 3
4 4 4 1 3 5
4 2 6 1
5 2 1 1 1 5
8 1 4 3
2 8 1 3 5
27 1