# 0.00847
5 7
4 14 6
3 6 3 4 6 5
3 4 2 1 2 2 2 5
2 5 14 3 4
2 3 23 2 3
2 2 5 4 2 3
11 7 3
2 3 3 2 3
2 1 1 1 5
2 1 1 4 2
2 1 2 1 2
1 1 1 2
2 1 1
1 5 5 2 2
2 1 7 7 2
1 1 1 2 1 2 1 2
1 2 6 6 2 1
1 3 1
3 3 1
3 3
3 5
5 3 3 7
5 8 7
6 1 1 7
4 1 2 5
2 2 1 1 2 3
2 5 10 5 3
2 1 2 2 1 3
2 2 4 4 2 3
2 7 2 7 3
3 1 3 2 1 4
5 2 6 4 2 6
5 3 4 3 5 6
6 16 6
---
12 3 16
12 1 1 16
4 1 1 9 4
2 1 2 3 4 3 3
1 3 3 3 1 2 3
8 4 1 1
2 2 2 4
2 2 4 2
3 1 3 1
6 1 2 2
2 3 2 1 3
1 2 4 1 2 1
2 2 2 1 2 1
6 4 3
2 2 4 3
1 2 1 1 1 2 2
2 2 2 1 2
5 2 1 1
2 2 1 1 1
1 2 1 1 1 1
2 2 1 1 1 1
5 1 1 1
5 2 1 1
2 2 1 2 1 1
1 2 2 1 1 2 2
2 2 4 2
6 2 1 3
2 2 4 2
1 3 4 1 4
2 3 1 1 2 2
4 2 3 1
1 4 4 2
2 2 1 3 5
1 3 2 6 1
2 3 6 3 1 2 3
4 2 12 3 3
5 1 2 9 4
10 1 17
13 1 1 14
13 4 14