# 0.00982
4
4
9 4
11 3
9 3
2 6 1 2
5 1 12 1
6 13 1
5 3 5 6 1
1 10 4 2 1
3 12 3
3 11 1
1 1 1 4 5
6 3 4
6 2 1
2 3
2 1
3 2 1
3 1 1
3 1 1
6 2
4 1 4
5 9
6 3 1
6 1
6 2
7 1
8 1
8 10 2
9 6 1 4
12 6 1 4
12 3 17
13 1 21
13 8 10
13 4 7
14 2 7
15 8
15 9
18 3 10
19 17
21 19
21 20
21 21
22 20
22 19
23 1 17
---
37
2 33
5 29
3 26
4 4 24
3 1 2 23
20
19
17
16
1 2 16
6 16
6 14
5 11
6 10
6 8
7 8
2 6 8
8 7
8 6
6 2 1 6
2 1 1 3
2 2 1
2 1
2 2 2
3 1 1 2 3 1
3 2 5 2 3 3
2 4 3 3 3 6
3 5 3 2 2 5
10 2 2 3 7
7 1 1 3 7
6 1 3 7
6 1 2 8
7 1 2 8
2 5 1 2 8
2 4 1 2 7
2 3 2 3 8
4 4 9
3 3 10
2 15
15
15
3 17
5 17
6 18
10 4 20