# 0.00321
55
1 1 1 1 1 1 1 1 1 1
1 3 1 1 1 1 3 1 3 1 3 1 3 1 1 1 3 1 3 1
1 1 1 1 1 1 1 1 1 1 1 1 1 1 1 1 1 1 1 1 1 1
1 3 1 3 1 3 1 2 1 1 1 1 1 1 1 3 1 2 1
1 1 1 1 1 1 1 1 1 1 1 1 1 1 1 1 1 1 1 1 1
1 1 1 1 1 3 1 1 1 3 1 3 1 1 1 3 1 3 1
1 1 1 1 1 1 1 1 1 1
55
1 1 1 1 1 1 1 1 1 1
1 3 1 3 1 3 1 1 1 3 1 3 1 1 1 1 3 1 3 1
1 1 1 1 1 1 1 1 1 1 1 1 1 1 1 1 1 1 1 1 1 1
1 3 1 2 1 1 1 1 1 2 1 3 1 3 1 1 1 3 1
1 1 1 1 1 1 1 1 1 1 1 1 1 1 1 1 1 1 1 1 1
1 3 1 1 1 3 1 1 1 3 1 1 1 1 1 3 1 3 1
1 1 1 1 1 1 1 1 1 1
55
1 1 1 1 1 1 1 1 1 1
1 3 1 1 1 3 1 1 1 1 3 1 3 1 3 1 3 1 3 1
1 1 1 1 1 1 1 1 1 1 1 1 1 1 1 1 1 1 1 1 1 1
1 1 1 1 1 2 1 3 1 3 1 3 1 2 1 1 1 3 1
1 1 1 1 1 1 1 1 1 1 1 1 1 1 1 1 1 1 1 1 1
1 3 1 1 1 3 1 1 1 3 1 3 1 1 1 3 1 1 1
1 1 1 1 1 1 1 1 1 1
55
---
25
1 1 1 1
1 3 1 3 1 1 1 2 1
1 1 1 1 1 1 1 1 1 1 1 1
1 5 1 1 3 1 2 1 1
1 1 1 1
25
1 1 1 1
1 3 1 1 3 1 1
1 1 1 1 1 1 5 1
1 5 1 2 1 1
1 1 1 1
25
1 1 1 1
1 5 1 2 2 1 1 1 1 1
1 1 1 1 1 1 1 1 1 1 1 1 1
1 1 3 1 2 2 1 2 2 1
1 1 1 1
25
1 1 1 1
1 1 3 1 1 3 1
1 1 1 1 5 1 1 1
1 2 1 1 5 1
1 1 1 1
25
1 1 1 1
1 2 2 1 1 1 1 1 3 1 1
1 1 1 1 1 1 1 1 1 1 1 1 1
1 2 2 1 2 2 1 1 3 1
1 1 1 1
25
1 1 1 1
1 1 2 1 3 1 5 1
1 1 1 1 1 1 1 1 1 1 1 1
1 2 1 1 5 1 1 3 1
1 1 1 1
25
1 1 1 1
1 1 3 1 1 3 1
1 5 1 1 1 1 1 1
1 1 5 1 2 1
1 1 1 1
25
1 1 1 1
1 3 1 1 1 2 1 2 2 1
1 1 1 1 1 1 1 1 1 1 1 1 1
1 1 3 1 2 1 1 2 2 1
1 1 1 1
25
1 1 1 1
1 1 1 1 1 5 1 3 1
1 1 1 1 1 1 1 1 1 1 1 1
1 2 2 1 1 3 1 5 1
1 1 1 1
25