# 0.00409
4 2 2
1 1 2 2
1 1 2 3 2
1 1 2 13 6
1 1 2 1 1 1 1 1 2
1 1 2 11 7
1 1 2 1 1 1 2
3 2 1 7 1 8
2 1 2 1 7 1 2
1 1 2 1 7 1 2
1 1 6 7 10
1 1 2 11 4
1 1 2 2 1
3 2 4 2 2
3 1 1 1 1 1
3 1 1 1 2 2
2 2 4 1 1
1 1 9 2 2
2 9 1 1
1 1 4 1 2 2
2 1 1 2 1 1 1
1 1 1 1 2 1 3
2 1 1 1 1 2
2 1 1 1 1 3
1 1 1 3
1 6
2 6
1 2 2
1 2 2
1 1 1
---
1 1 3 4
17 5
1 1 3 4
15 3
3 9
17 4
14 7 2
1 2 2
1 9 5
1 1 1 4 4
10 1 9
2 1 1 9
2 1 5 2
3 5 2
1 1 5 7
1 1 5
1 1 5
3 5
1 1 5
1 1 1
9
1 1
9
3 9
1 1 1 2 3
1 1 1 4 3
1 1 1 1 3 3
8 1 3 4
8 1 8
1 1 1 2