# 0.00482
3 1 5 1 3 3 3
1 1 1 1 4 3 1 1
3 2 2 1 1 3 1 6
1 1 2 6 3 2 3 1
3 2 9 1 1 3 4
1 1 5 2 5 1 1
3 4 1 2 3 3 1 3
1 1 6 4 6 2 3 1
5 3 4 1 1 5 1 5
1 1 1 6 1 6 4 1
3 6 1 3 1 5 1 5
1 1 1 3 2 1 1 1 3 2 2 1
3 1 3 5 2 2 3 3
1 3 6 4 3 1 2 2 1
3 2 1 4 2 1 3 4
1 1 2 4 2 2 2 2 1
3 3 4 2 3 1 4
1 1 3 4 2 4 3 1
3 3 4 1 4 1 4
1 22 3 2 1 1
3 3 4 3 2 6
1 1 2 4 4 1 2 1 1
3 2 3 3 1 3 3
1 7 3 3 2 2 1 1
4 1 3 3 3 1 3
1 1 1 3 2 4 2 1
3 1 4 5 1 3
1 1 2 2 4 3 1
3 3 3 5
1 1 2 3 1
---
30
1 1 1 1 1 1 1 1 1 1 1 1 1 1 1
30
1 1 1 2
4 4 1 1
3 1 1 1
5 1 5 1
5 14
1 21
2 4 1 1
1 1
5 1 1
3 1 2 1
1 1 4 1
1 3 3 1
1 3 5 9
1 2 5 17
1 3 1 20
2 2 15 1
5 1 1 1
6 1
1 1
25
4 6 6 7
5 6 1 1 7
1 1 6 6 1 2
5 6 6 7
1 5 1 1 6 7
2 5 6 1 1 6
3 1 1 6 6 1
3 5 1 1 6 4
3 5 6 1 1 3
30
1 1 1 1 1 1 1 1 1 1 1 1 1 1 1
30