# 0.00510
1
3
5
7
9
2 5 2
5
5
7
8
7
6
1 6
3 5
5 6
7 1 1 8
11 5 4
5 4 4 5
5 4 4 4
5 5 5 4
4 4 3
4 8 3
4 1 8 1 3
3 3 10 3 2
9 10 9
9 10 9
3 3 10 3 2
4 1 8 1 3
4 8 3
4 5 4 5 3
5 4 4 3
5 4 4 4
4 5 2 5 4
7 1 4 1 7
5 4 6
5 6 5
6 2 6
9 2 9
20
16
---
14
18
21
9 2 10
7 2 8
6 6 6
4 4 1 7
3 1 4 5 4
5 2 4 4
4 4 3
1 4 4 5 3
2 5 8 3
2 8 1 3
5 10 3 2
8 10 8
10 10 8
9 10 3 2
9 8 1 3
2 4 5 8 3
2 4 4 4 5 3
1 5 4 4 3
4 5 2 4 4
8 1 4 5 4
6 4 1 7
5 6 6
6 2 5
7 2 6
9 2 9
20
16