# 0.01052
23
23 1
24 3
25 4
25 5
25 7
6 1 1 10 5
4 2 2 2 5
3 1 1 1 4
3 4
3 4
3 3
3 3
3 3
3 3
2 3
2 2 3 2 3
2 9 6 3
2 3 3 4 2 3
2 1 3 2 1 2 3
2 5 2 3 1 2
3 3 7 12
3 1 3 1 5 2
3 2 1
3 1
1 2 1
1 1 2
1 1 1
1 1 1 1
1 1 1 1
1 1 2 1
1 1 3 2 1
1 3 3 2
1 6 1
1 2 1
1 1 1
1 2 4 4 1
1 1 13 2
2 1 1 1 1
5 1
5 2
6 2
7 3
8 3
9 5
10 8
11 10
13 13
16 16
35
---
46
22 12
13 5 2 11
7 7 14
7 2 11
7 2 1 9
6 3 2 8
7 2 2 7
6 1 2 6
7 1 3 5
6 2 4 4
6 2 3 1 3
6 3 2 3 3
6 3 1 2 2
7 4 2 2 2
8 2 5 2 2
9 3 1 1
7 2 1 1
8 2 1 1
9 2 2 2
7 2 2 2
8 3 2 3
9 2 2 2 3 3
7 2 1 1 4
6 2 2 5
4 2 3 5
1 1 2 4 6
4 2 4 8
6 2 2 10
6 2 1 13
6 3 6 6
7 2 7 5
22 4
15 3
11 2