# 0.00881
49
50
50
50
50
49
13 4 26
11 2 26
5 1 24
3 22
1 22
1 21
1 2 17 3
1 7 21
2 11 17 2
5 9 15 1 2
6 6 15 2
7 9 13 2
4 3 2 12 2
6 2 2 9 2
1 3 1 7 3
7 3
7 3
7 4
6 5
3 2 6
2 2 6
6
6
6
3 6
5 6
6
6
1 6
1 6
12 2 7
2 2 3 2
4 1
1 5 1
5 10
3 10
10
11
11
12
20
17
10 2
9 3
---
4
7
10
16
10 4
9 3 2
9 3 1
8 5
8 5
8 5
9 4 1
8 1 2
8 2 1 1
7 3 1 1 1
6 3 2 1 2 1
7 3 2 1 2 2
8 6 1 1 3 2
8 7 1 1 2
7 3 3 1 2
6 3 1 1 2
6 4 2 1 2
6 3 2 2 4
6 2 1 2 4
6 1 1 5
8 1 5
8 6
9 7
9 7
11 8
14 9
17 9
17 8
18 7
21 8
20 8
19 8
26 7
27 7
27 3 2
25 1
27 1
27
24
20 1
20 12
15 13
12 3 14
14 19 1
38 2
37 2