# 0.01262
0
11
16
18
21
23
24
26
26
27
27
28
10 12
6 10
6 12
6 10
7 3 7
6 9
4 11
3 5 3 6
5 1 7
2 14
1 3 11
1 1 3 2 3 13
1 1 7 3 12
3 1 2 12
2 3 2 3 8
1 2 6
1 3 6
1 3 6
1 3 4
2 5 4
2 2 12
1 14
4 9
1 11
1 2 2 17
1 1 1 3 2 5 8
5 1 3 3 10
5 2 3 4 12
4 2 3 2 6
4 2 2 2 5
4 2 1 2 5
7 1 2 6
7 1 2 6
7 5 6
6 1 13
5 1 12
1 2 2 12
1 1 1 11
---
0
0
2
8
8
9
13
5
9
12
3 1 5
10 2 5
20 9
16 6 5 3
14 1 3 2
14 2 2 5
15 1 3 4
11 1 1 2 4
11 1 1 1 4
11 2 2 1 3
12 2 1 2 4
11 1 2 4
11 1 1 2 5
11 1 1 2 1 5
11 2 2 1 5
11 2 1 2 4
11 6 3 2 2 4
12 1 8 3 2 2 5
12 1 1 2 4 13 7
16 2 2 21
19 1 4 20
14 2 6 18
17 6 18
17 5 13
23 11
34
32
27
21
10
9
6
1
0
0