# 0.00522
15 14
15 1 15 2
16 2 16 3
17 1 17 3
18 18 2 4
38 5 1
32 5 4 1
31 4 3 2
29 4 2 2
26 5 1 2
25 7 2
25 9 2
23 2 5 2
22 1 3 1
20 2 1 3 2
18 4 1 2 1
18 5 2 2 2
18 6 2 1 2
26 2 2
15 6 2 3 2
15 4 2 3 1 2
14 1 2 1 2 3 1 2
14 1 2 4 1 2
14 2 2 4 1 2
14 2 2 4 2 2
14 2 2 8 2
14 2 2 8 2
14 2 2 8 2
14 2 3 9 3
14 2 14 3
14 1 14 2
14 1 14 1
---
32
32
32
32
32
32
32
32
32
32
32
32
32
32
21
17
17 11
1 17 7
1 10 4
2 10 4
10 4
11 4
11 4 1
11 4
12 18
10 18
9 4
9 3
9 3
8 13 4
8 2 16
7 2 13
6 2 10
7 4 8
18 7
17 7
15 8
13 12
0
9 16
8 17
2 3 3 2
2 2
2 2
1 2
1 2
1 2
3