# 0.00672
12
1 12
1 1 12
2 2 12
3 3 12
4 4 12
5 18
6 19
7 4 1 13
8 3 1 13
9 2 1 1 9 1
9 16 1 1
1 3 1 1 1
9 12 1 1 1 1
1 1 1 1 1 2 1 1 1 1 1 1 1 1 1
1 1 1 1 1 2 1 1 1 1 1 1 1 1 1
1 1 1 1 1 20
1 1 1 3 1 2 3
1 1 3 1 1 1 1 2 6
1 3 1 1 1 1 1 4 3
24 2
2 2 1 1 5 2
2 2 6 5 1
2 2 1 1 2 3 2
2 2 5 2 3 2
2 2 1 1 2 3 1
2 2 6 2 4 2
2 2 1 1 2 3 2
2 2 5 2 3 3
2 1 1 2 4 3
2 6 2 5 3
2 1 1 2 6
2 5 2 7 1
2 1 1 2 8
6 4
1 1
5
1 1
0
0
---
24
3 1 14
4 8
5 1 2
6 8
7 1 1 1
8 8
9 1 1 1
10 8
1 9
1 10 16 4
2 9 4 1 5 1
3 6 1 1 1 1 5 1 1 1
4 4 1 4 1 5 1 1 1 1 1
5 2 1 1 1 5 1 1 1 1 1 4
12 4 1 1 1 1 1 5
8 1 1 1 1 1 1 5
12 4 1 5
10 1 1 1 5
12 4 1
12 1 1 14
34
12 7
15 6
9 1 2 6
13 1 5
6 1 1 5
14 5
3 6 4
16 3
2 3
3 3
2 3
2 3
1 2
2 3
1 3
2 2
1 2
1 2