# 0.00921
1 1 1 1 1 1 1
1 1 1 1 1 1 1 1 1 1 1 1 1 1
1 1 1 1 1 1 1 1 1 1 1 1 1 1 1 1 1 1 1 1
1 1 1 1 1 1 1 1 1 1 1 1 1 1
1 1 1 1 1 1 1 1 1 1 1 1 1
1 1 1 1 1 1 1 1 1 1 1 1 1 1
3 3 3 3 3 3 2
40
20 19
1 1 1
1 1 1 1 8
1 2 5 8 5
2 3 1 1 1 3
13 4 1 6
3 1 1 9
4 3 1 1 1 6
3 3 1 1 1 1 5
5 1 1 1
1 1 1 1
20 19
1 1 1 1 1 1 1 1 1 1 1 1 3 1 1 1 1 1 1
1 1 1 1 1 1 3 1 2 2 1 1 1 1 1 1 1 1
1 1 1 1 1 1 1 1 1 1 1 1 3 1 1 1 1 1 1
1 1 1 1 1 1 3 1 2 2 1 14
1 1 1 1 1 1 1 1 1 1 1 1 2
20 6 1 1 1 1 1 1
1 1 1 1 1 1 1 1 1 1
5 1 1 1 1 1 1 1 1 1 1
1 3 1 1 2 1 1 1 1 1 1
3 1 1 2
5 1 1 14
6 1 11 19
1 1 1 1 1
1 1 1 3 1 1 2
7 1 1 1 1 13
1 1 5 1 1 7
1 1 1 1 1 1 3
1 1 1 1 1 1 1
5 4 23
7 5
---
1 1 1 2 1 1 1 1 1 1 1
1 2 1 1 2 1 2 1 1
1 3 2 2 1 1 1 1 1 1
4 4 1 2 1 2 1 1
1 3 1 1 1 1 1 1 2 9
1 2 2 2 2 1 2 1 2 1 1
1 1 1 2 1 1 1 1 1 4 1 1
1 2 2 2 1 2 8 1
1 3 1 1 1 1 1 4 1 1
4 4 1 2 1 2 2 1 1
1 3 1 1 1 1 1 9
1 2 1 2 2 1 2 1 1
1 1 1 2 1 3 1 1 1 1 1 1
1 2 2 13 1 5
1 3 2 1 1 1 1 1 1 1 3 1
4 4 3 2 2 1 2 1 1 1 1
1 3 1 1 1 1 1 1 1 3 1
1 2 1 1 2 1 2 1 5
1 1 1 2 1 1 1 1 1 1 1 1
1 32
1 2 1
4 34
1 3 1 1 1 1 1 1 1 1
1 2 1 1 2 1 2 1 1
1 1 1 2 1 2 1 1 1 1 1 1
1 2 1 1 2 1 2 2 1 1
1 26 1 1
4 4 1 1 2 2 2 2 1
1 3 2 1 1 1 1 4 2 3 1
1 2 1 1 2 2 2 3 1
1 1 1 2 1 2 1 1 1 4 2 5
1 2 1 2 2 2 2 3 1
1 3 1 3 1 1 1 4 2 2 1
4 4 1 1 1 2 2 2 2 1
1 3 1 1 1 1 1 1 4 2 2 1
1 2 2 1 2 2 2 2 1 1
1 1 1 2 1 1 1 1 1 1 4 2 1 1
1 2 3 1 2 2 2 1 1
1 3 2 1 1 1 1 4 2 1 1
4 4 2 1 2 2 2 1