# 0.00467
28
4 22 3
4 24 3
5 24 4
4 26 4
4 26 5
4 26 4
4 26 4
4 26 4
4 26 4
4 26 4
4 26 4
4 5 10 5 4
4 3 8 3 4
4 2 6 2 4
4 2 4 2 4
4 2 2 2 4
4 2 2 2 4
5 2 2 2 5
5 3 2 3 5
5 12 5
6 3 2 3 6
6 8 6
6 6 6
7 4 7
8 2 8
11 11
34
32
28
---
16
20
24
26
6 11
4 8
4 7
2 9 6
1 12 5
16 5
17 4
13 2 4
12 2 4
12 2 3
12 2 3
13 3 3
14 3 3
15 4 3
16 1 3 3
26 3
26 3
16 1 3 3
15 4 3
14 3 3
13 3 3
12 2 3
12 2 3
12 2 4
13 2 4
17 4
16 5
1 12 5
2 9 6
4 7
5 8
5 11
25
23
20
16