# 0.00596
1 1 1
3 3 3 1
3 8 3 8 2
5 3 2 3 2 4 2
6 1 1 3
7 2 22 2 3
8 1 1 1 1 1 1 4
8 4 1 4 1 4 1 4 1 6
10 1 1 1 4 1 1 1 1 1 1 1 1
10 1 5 6 1 4 1 1 1
10 5 15 1
15 16 1
8 3
8 30 2
8 1 1 1 1 1 1 1 2 1 1
7 2 2 1 1 3 1 2 2 1 2 4
6 3 2 1 2 2 2 2 4
2 4 2 1 1 3 1 2 2 1 1 6
2 8 2 1 1 1 1 2 2 2 1 7
2
3 41
2
3 1 8 1 11 1 8 5
3 1 2 2 1 1 1 1 2 2 2
3 1 1 2 1 1 1 3 3 1 1 1 1 1 2
3 1 1 4 1 1 1 3 3 1 1 1 4 1 1 2
3 1 1 1 1 1 3 3 1 1 1 1 1 1
3 1 1 1 1 1 1 1 1 1 1 1
3 1 8 1 1 3 3 1 1 8 1 1
3 1 1 1 1 1 3 3 1 1 1 1 1 1
3 8 1 1 1 1 8 1
5 8 1 9 1 8 5
0
45
0
---
27 1
29 1
16 1 10 1
17 1 1 1
16 1 1 8 1 1
14 1 1 1
12 1 1 10 1
9 2 1 2 1 2 1
4 3 1 1 1 1 2 1
5 6 1 1 2 1 2 1
1 1 1 4 1 1 2 1 2 1
1 1 1 1 1 1 1 2 1
7 1 4 1 2 1 2 1
3 2 6 1 10 1
1 2 1 1 1
2 6 3 2 1 9 1
1 1 2 1 1 1 1
1 1 3 6 1 9 1
1 1 1 1 1 1 1 1 1
1 1 3 1 1 1 1 1 3 2 1 1
2 1 2 1 3 1 1 3 2 1 1
2 1 1 6 1 1 3 2 1 1
2 5 1 1 1 1 1
1 1 1 1 1 2 1 1 3 2 1 1
3 1 3 1 1 1 3 2 1 1
1 2 1 1 2 6 1 1 3 2 1 1
3 1 1 2 1 4 1 1 1 1
1 1 5 1 1 9 1
2 1 2 1 4 1 1 1
2 7 6 1 9 1
2 1 2 1 1 1
1 1 5 1 1 2 1 10 1
1 1 1 3 1 1 1 2 1 2 1
1 1 1 3 4 1 1 1 1 2 1
1 1 5 6 1 1 1 1 2 1
2 1 2 1 1 1 1 1 2 1
1 7 1 1 1 1 1 1 1 2 1
1 2 1 3 1 2 1 2 1
3 2 6 1 10 1
7 4 1 1
1 1 3 1 8 1 1
2 1 2 1 2 1 1
4 2 1 1 1 7 1
6 2 1 1 1 2 1 1
15 1 1 1 1 1 1