# 0.00401
3 9 5 1 1 3 2
3 9 5 3 3 2
3 8 4 1 1
3 7 3 3 1 3 2
3 6 2 2 2 1 1 3 2
3 5 1 3 1 1 3 3 2
3 5 1 1 1 1 1
3 5 1 1 1 1 1 3 2
3 15 1 1 3 2
3 15 3 3 2
3 6 8 1 1
3 3 4 6 1 6
3 5 1 7 1 1
3 3 2 1 6 6
3 4 18
3 4 1 5
3 4 1 2 4
3 4 1 2 4 7
3 4 1 4 8
3 1 2 8
3 1 2 2 3
3 1 1 8 1 2 3 2
3 1 1 8 1 2 4 1
3 1 1 8 1 2 5
2 5 1
1 2 1 8 1 2 4 1
3 12 3 3
4 12 4 2 1
24 1 1
25
---
26 2
25 3
24 4
5
24 5
19 2
19 3 5
11 1 5 4
14 3 5
5 4 1 3 5
4 1 3 2 3 5
3 1 1 4 1 3 5
2 3 3 1 5 3 5
1 1 8 3 5
2 3 7 2 3 5
3 1 1 7 2 3 5
4 1 8 4
5 11 3 5
19 2
10 5
3 3 3 1 10 5
1 1 1 1 1 1 2 4
3 3 3 1 1 7 3
1 9 2
2 3 3 1 2 3 6 1
2 3 3 1 2 3 6
2 3 3 1 2 3 6
1 2 4
2 3 3 1 2 5
2 3 3 1 2 6 2 2