# 0.00987
6
16
20 4
8 3
2
2
2 2
5 3
6 4
5 4 5
6 2 5
2 2 6 8
3 11 16
2 38
2 2 32
2 2 31
3 25 4
24 5
3 18 5
3 4 5 4
3 3 4 4
1 1 3 3 4 3
6 3 3 4 3
9 3 4 3
4 3 3 3 1 4
1 1 3 1 1 4 1 1 4 7
8 6 1 4
4 2 6 5
1 1 2 1 3 1 2
1 1 1
---
1
3
2 7
5 5
6 1
2 2 2 1 1
4 2 5
2 2 3
2 2 5
5 2
4 2 1
3 3
4 3
5 4
13
11 2
9 4
6 2
6 4
5 1
1 6 2 1
1 6 6
1 15
1 13
2 10
2 7
2 6
2 6
2 6 2
2 6 3
2 7 4
2 7 4
2 7 4
2 8 3
2 10 3
2 14
2 14
2 12
2 5 2 2
2 5 1 2
2 8 4
2 10 5
2 12 5
2 18
2 5 9
3 4 2
2 4
3 4
8
6