# 0.00368
23 4 1
23 2 1 1 3
13 2 1 1 3
13 3 1 3
1 1 1 16 3 1 3
1 1 1 3
1 1 1 16 3 1 2
1 1 5 8 3 1 3
1 1 1 4 2 5 3 1 3
1 1 4 2 6 3 1 3
1 1 1 4 1 6 3
1 1 4 1 12
1 1 1 4 1 18
1 1 3 3 4
1 1 1 2 1 2 5
1 1 2 3
1 1 1 3 5
1 1 4 7
1 1 1 4 6
1 1 4 2 6
1 1 1 3 2 6
1 1 4 2 7
1 1 1 29
30
0
---
2 1 1 1 1 1 1 1 1 1 1
2 1 1 1 1 1 1 1 1 1
2 1 1 1 1 1 1 1 1 1 1
2 1 1 1 1 1 1 1 1 1
2 1 1 1 1 1 1 1 1 1 1
2 1
2 2
2 3
5 18
5 18
5 8 8
5 7 3 2
5 2 1 2
5 1 2
5 1 4 2
5 1 2 2
5 3 1 3
5 2 5 4
5 2 5 2 2
5 8 1 2
5 7 2
2 1 7 2
3 1 7 2
1 1 4 2 2
2 2
2 2 2
2 2 7 2
1 2 8 2
5 8 1 3
2 7
10 12
1 10
5 3 1 10
9 1 1 8
9 1 1 8