# 0.00804
17
22
25
27
23
22
17
14
14
13
13
13
13
14
2 15
3 15
4 3 16
4 6 16
3 4 3 16
1 5 1 15
2 2 15
2 14
14
6 5
6 4
5 2 4
1 3 2 4
1 1 4
5 2 4
2 3
3
1 2
3 1
7
1 2 1
4
2 7
3 10
11
12
12
1 14
6 18
27
27
---
0
0
2
4 3 2 3
6 2 2 2 3
4 2 3 2 3
3 1 1 1 3
1 1 3
1 1 2
2 1 2
3 2 2 2
4 4 1 2
4 5 3
5 5 3
5 1 1 3
6 1 2 3
6 1 2 3
6 1 1 4
6 2 4
6 4
6 5
7 5
7 6
7 7
8 3 8
9 7 2 8
10 14 8
27 9
26 9
25 10
24 1 8
23 3 6
21 2 5
21 1 4
20 3
20 4
26
24
21
18