# 0.02291
10
20
11 1 2 1 11
11 1 2 1 11
10 1 2 1 11
6 1 1 1 2 1 3 6
2 2 2 1 2 1 2 2 2
1 5 1 2 1 1 1 1
1 1 1 1 1 2 1 3 1 1 3 1
1 1 1 1 2 1 6 6 1
1 4 1 1 4 1 2 1 3 3 3 3 1
1 2 4 4 2 1 2 1 2 2 2 2 1
1 2 2 1 2 1 2 1 1 2 1
1 2 4 4 2 1 2 1 3 3 3 1
1 4 1 1 4 1 2 1 2 2 1
1 1 1 1 2 1 3 3 1
2 1 1 1 2 1 3 3 2
2 1 1 1 2 1 3 3 2
2 1 1 1 1 2 1 3 3 2
1 5 1 2 1 5 1
2 2 2 1 2 1 3 2
2 1 1 1 2 1 1 2
2 1 2 1 2
21 2 21
2 2 2
46
3 2 3
20 2 20
2 1 1 1 2 1 2
3 1 1 1 1 1 2 1 3 3
2 1 1 1 1 2 1 3 3 2
2 1 1 1 2 1 1 1 2
2 1 3 1 2 1 3 3 2
2 1 5 3 1 2 1 1 1 2
3 1 1 3 2 1 2 4 1 1 3 2
2 1 1 1 1 2 2 1 1 1 1 1 2
3 1 1 1 2 3 1 1 1 1 5
2 1 1 1 2 1 2 2 2 2 2
3 2 1 1 2 1 2 1 1 2 3
2 2 2 1 2 1 2 2 2
2 2 2 1 2 1 3 2
3 2 3 1 2 1 3
3 4 1 1 2 1 3
3 2 1 2 2 1 3
3 1 1 2 1 3
3 2 2 1 3
3 1 2 1 3
3 6 3
4 6 4
16
14
12
10
6
2
---
15
3 7
2 7
2 7
2 1 1 1 7
3 2 2 1 1 1 6
2 5 1 1 1 5
2 1 1 1 1 1 1 5
2 1 1 1 1 1 4
2 1 1 1 1 1 1 1 4
2 4 1 1 4 1 1 2 1 1 1 3
2 2 3 5 2 1 1 1 1 1 1 4 3
2 2 2 1 1 1 1 3 2 3
2 2 3 5 2 1 1 1 1 3 2 3
2 4 1 1 4 1 1 2 1 2 2 3
3 1 1 1 1 1 1 2 2 3
2 1 1 1 1 1 2 2 3
2 1 1 1 1 1 1 2 3 3
2 5 1 1 1 1 3 3
2 2 2 1 1 1 2 3 1 4
3 1 1 1 1 1 6 1 1 4
2 1 1 1 1 1 4
24 1 27
2 1 7
55
55
2 1 7
24 1 27
2 1 1 1 3 4
3 1 1 1 1 2 4
2 4 1 1 1 2 2 4
2 7 1 1 1 3 1 2 3
2 3 4 1 1 1 1 1 1 1 3
2 2 3 1 1 1 2 7 1 3
3 3 3 1 1 1 1 1 3
2 2 3 3 1 1 1 2 7 1 3
2 2 6 3 1 1 1 1 1 1 1 3
2 1 1 3 1 1 1 3 1 2 3
2 2 6 3 1 1 1 2 2 3
3 2 3 3 1 1 1 1 2 3
2 3 3 1 1 1 3 4
2 2 3 1 1 1 4
2 3 4 1 1 1 5
2 7 1 1 1 5
3 4 1 1 1 5
2 1 7
2 7
2 7
3 7
15