# 0.00550
30
30
1 1 1 1 1 1 1 1 1 12
2 10
18 5 1
1 1 1 1 1 1 1 1 1 5 4
1 5 4
1 5 4
3 1 5 4
1 1 1 5 4
5 1 1 2 1 2
1 2 2 1 2 1 1 1 1
1 1 1 1 1 10
4 2 2 2 1 1 1
1 3 1 1 1 1 1 10
3 4 2 4 1 1 1
1 1 3 1
1 6 3
12 1 1 1 4 1
2 3 1 1 3 1 1
1 1 1 1 3 1
15 1 1 1
3 5 2 1 1 1
5 6 1 2 1
1 10 1 2 1 1
2 4 1 1
1 2 1 1
13 10
0
0
---
3 2 1 3 7
2 1 1 1 1 2 3 3
3 2 8 1 3 1
2 1 1 1 2 1 1 2 1
3 2 3 2 1 1 2 1
2 1 1 1 1 1 1
3 2 5 1 2 1 1
2 1 1 1 1 1 2 1 1
3 2 1 2 1 1
2 1 5 1 2 1 1
3 2 1 1 1 1 4 1
2 1 1 1 2 1
3 2 2 2 2 1 2 1
2 1 1 1 1 1 2
3 2 3 1 5 2
2 1 1 3 4
3 1 1
2 23
4 1
3 1
28
11 1 1 1 1
10 1 1 3 1
10 1 1 1 1 1
10 1 1 4 1
4 3 1 3 1 1
4 5 1 1 1 3 1
4 5 1 1 3 1
4 6 1 1 1 1
28