# 0.01293
35
1 1
1 3 3 3 1
1 2 2 2 2 2 2 1
1 1 1 1 1 1 1 1
1 2 2 2 2 2 2 1
1 3 1 1 3 1
1 1 1 1
1 3 1
1 2 1 1 2 1 1 2 1 1 2 1
1 1 1 1 1 1 1 1 1 1 1 1 1 1
1 1 1 7 1 1 1
1 9 1 1 9 1
1 1 1 7 1 1 1
1 1 1 1 1 1 1 1
1 1 1 1 1 1 1 1
1 1 1 1 1 1 1 1
1 1 1 1 1 1 1 1
1 1 1 1 1 1 1 1
1 1 1 1 1 1 1 1
1 1 1 1 1 1 1 1
1 1 1 1 1 1 1 1
1 3 3 3 3 3 3 3 1
1 1 1 1 1 1 1 1 1 1 1 1 1 1 1 1
1 1 3 3 3 3 3 3 1 1
1 1 1 1
1 1 1 1
1 27 1
1 1 1 1
1 1 1 1
1 1 1 1
1 1 5 1 1
1 1 3 3 1 1
1 1 2 2 1 1
1 1 1 5 1 1 1
2 2 2 2 1 2 2 2 2
1 1 1 1 1 1 1 1 1
1 2 1 2 1 2 1 2 1
3 1 1 1 1 1 3
1 1 1 1 1 1 1
2 1 2 1 2 1 2
1 1 1 1 1 1 1
2 1 1 1 1 1 2
2 1 1 1 1 1 2
2 1 1 1 1 1 2
2 1 1 1 1 1 2
3 1 2 1 2 1 3
3 1 1 1 3
3 1 3
9
---
36
1 4
1 3
1 2 3
1 4 6 3 2
1 1 11 9 2
1 3 1 1 3 1 2
1 2 2 1 1 1 1 2
1 1 1 1 1 3 1 1
1 2 2 1 1 1 1 2
1 3 1 1 3 1 1
1 1 10 1 1 14
1 4 3 1 3 1
1 1 1 2 13
1 15 1 1 3 1 1 1
1 3 1 1 1 1 1 2 2 1
1 2 4 1 1 3 1 1 1 1
1 1 1 1 1 1 1 1 16
1 2 4 1 1 3 1 1 1 1
1 3 1 1 1 1 1 2 2 1
1 15 1 1 3 1 1 1
1 1 1 2 13
1 4 3 1 3 1
1 1 10 1 1 14
1 3 1 1 3 1 1
1 2 2 1 1 1 1 2
1 1 1 1 1 3 1 1
1 2 2 1 1 1 1 2
1 3 1 1 3 1 2
1 1 11 9 2
1 4 6 3 2
1 2 3
1 3
1 4
36