# 0.00614
18 18
16 2 9 2 1
14 6 6 2 2
12 4 4 4 6
10 5 2 5 3 4 1
8 7 2 7 2 2 2
6 10 10 1 3
4 1 14 8 5
2 2 1 4 2 2 3 1 2
4 1 2 2 1 1 1 2
6 1 6 2 2 1 1 3 1 4
0
14 8 14
3 6 8 1 2 3
3 1 1 6 2 4 1 2 1 1 3
3 6 2 4 6 3
14 8 1 10
10 7 1 1 3 1 1 1
1 8 2 7 1 3 2 1
1 8 1 3 1 1 3 4 1
1 4 1 2 1 1 1 1 3 4 1
1 1 1 2 1 1 1 3 1
1 1 2 1 3 1 3 4 1
1 6 1 8 14
0
11 2 6 13
11 1 1 1 4 4 1
5 1 1 3 5 1 3 1 1
1 1 1 1 1 1 1 1 2 2 3 1 3 1 1
1 1 1 1 1 2 2 2 2 1 3 1 1
1 1 1 6 2 1 1 3 1 1
1 7 5 5 3 1
1 7 4 6 13
1 5 1 3 1 3 3 2
1 3 1 2 2 3 3 2
1 3 1 1 2 2 2 1
1 3 1 3 2 2 1
1 3 1 4 3 1 1 8 1
0
36
---
9
9 1 12 13
8 1 6 3 1
8 2 8 1 3 1
7 2 1 4 1 3 1
7 3 1 1 5 1 13 1
6 3 1 5 1 2 7 1
6 1 1 5 1 2 2 7 1
5 4 1 5 1 2 3 1
5 1 8 2 2 3 1
4 2 1 12 2 2 1
4 3 1 5 13 1
3 4 1 5 1 1 1 1
3 5 1 5 1 1 1 11 1
2 5 1 5 1 6 1 1
2 6 1 1 1 4 2 1
1 5 12 3 3 1
1 9 7 1 1 1 2 4 1
2 5 2 4 1 1 2 2 1
2 2 1 2 4 2 5 1 1 1
2 2 1 12 4 2 1 1
2 2 7 3 3 3 1 1
1 9 7 1 2 6 1
1 8 5 1 1 1 2 7 1
2 4 2 6 1
2 5 1 12 2 1
3 5 1 1 1 4 6 1
3 6 1 1 1 3 1 5 7 1
4 3 1 1 1 10 1
4 2 1 12 1 1 1 1
5 2 2 12 1 4 1 1 1
5 1 1 1 8 1 1 1 1
2 2 1 1 1 1 1 1 4 1 1 1
1 2 1 3 1 2 2 2 1 4 1 1 1
1 3 1 1 1 1 3 2 1 4 1 1 1
2 3 1 2 1 1 3 2 1 1 1 1
2 3 1 2 6 2 2 1 4 1 1 1
1 3 2 1 5 1 1 3 1
1 2 4 1 12 13
2 5