# 0.00319
2 2 2
12
2 2
2 2
2 2
2 2
2 2
2 2
2 2
2 2 1
1 2 2
2 2 1
1 2 2 1
1 12 1
1 12 1
3 2 2 2 3
3 3
22
2 2 2 2 2
0
24
22
20
1 16 1
1 3 8 3 1
1 1 2 2 1 1
1 1 1 1
1 1 1 1
25
1 1 1 1
2 1 2 1 2
2 1 1 2
1 8 1
2 10 2
2 12 2
---
1
1 1
1 2 1 2
3 12
1 7 3 1 2
4 15
1 5 1
14 1 5 1 1
15 2 4 1 2
2 3 2 5 1 3
2 2 1 6 1 3
1 2 1 6 1 3
2 3 2 5 1 3
2 3 2 5 1 3
1 2 1 6 1 3
2 2 1 6 1 3
2 3 2 5 1 1 3
15 2 4 1 1 2
14 1 5 1 1
1 5 1
4 15
1 8 3 1 2
3 12
1 2 1 2
1 1