# 0.00438
1 1 1 1
3 3 3 3
1 2 1 1 2 1
1 1 1 1
1 1 1 1
1 1 1 1
1 1 1 1
1 1 1 1
1 1 1 1
1 2 2 1 1 2 2 1
1 2 2 1 1 2 2 1
1 1 1 1 1 1
1 2 2 1 3 3 1 2 2 1
1 4 1 8 1 4 1
1 4 1 8 1 4 1
1 2 2 1 8 1 2 2 1
1 1 8 1 1
1 1 8 1 1
1 1 8 1 1
1 1 10 1 1
1 1 2 2 2 1 1
12 2 2 2 12
1 2 1 10 1 2 1
1 2 1 2 2 2 1 2 1
1 2 1 3 3 1 2 1
1 1 2 1 1 3 3 1 1 2 1 1
1 1 2 1 1 2 2 2 1 1 2 1 1
12 10 12
10
10
10
10
1 1
5 5
5 5
5 5
3 1 1 3
3 1 1 3
12
0
---
7
14 1
7 1 1
2 2 1 1 1 3
1 2 4 1 1
1 2 7
1 2 7
1 2 4 1 1
2 2 1 1 1 3
7 1 1
14 1
7
7
13 6
20 6
9 1 2 5 3 1
8 1 5 6
11 6 1
11 6 1
8 1 5 6
9 1 2 5 3 1
20 6
13 6
7
7
14 1
7 1 1
2 2 1 1 1 3
1 2 4 1 1
1 2 7
1 2 7
1 2 4 1 1
2 2 1 1 1 3
7 1 1
14 1
7