# 0.00593
0
0
0
7
11
12
16
17
17 5
18 9
18 14
19 15
19 9 1
19 6 2
18 5 1
16 5 1
14 5 1
13 5 2
13 5 1
14 5 1
15 6 1
16 6 1
18 6 1
19 6
20 7
21 6
22 7
30
30
29
29
27
20 6
20 4
19
19
18
17
17 5
16 8
16 11
26 3
26 2
24 1
15 1 2
14 1 1
14 1 2
15 2 1
16 1 2
17 1 1
---
9
15
32
37 1
40 3
46
47
47
47
47
47
47
47
46
46
12 30
10 29
10 28
9 27
6 13 4 2
3 11 3
6 4
6 5
2 8 5
4 10 6
4 12 6
4 14 6 3
6 15 10
23 5
21 2
17 1
14 2
9 1
2 2
2 3
2 3
2 3
3 2
5
6