# 0.00472
1 2
5 1
2
1 1 3 5 2
14
1 3 3 5
1 2 3 6
2 1 9
2 1 6
2 4 4 1
3 3 5 5 1 1
5 1 1 1 6
2 1 1 1 1 1 7
2 1 1 1 9
1 3 1 1 6 2 1
5 1 2 2 2
10 2 3
6 2 3
2 2 2 2 2
3 2 3 3 5
2 4 3 4
4 4 11
2 6 2
4 2 9
16 2
---
1 1 1 4
3 6
7 5 2
1 3 3 4 1 2
1 3 1
12 1
2 10 1
2 1 4 3 1
1 1 1 2 3 1
2 1 1 1 1 1
2 3 1 2 1 4
4 1 1 1 1 1 4
4 2 1 2 2 1 1
2 2 1 2 1 1 1
1 2 1 1 2 1 1
16 1 2
7 13 1
8 5 3 1
2 2 3 5 2 1
2 11 1 2
1 6 2 2 3 2
2 2 6 2 1
2 2 1 5 2 1
1 3 1 3 2
2 1 1 2 1