# 0.00646
0
3 3 3 3 3 3 3 3
1 1 1 1 1 1 1 1 1 1 1 1 1 1 1 1
1 4 1 1 4 1 1 4 1 1 4 1
1 1 1 1 1 1 1 1
1 1 1 1 1 1 1 1
3 3 3 3 3 3 3 3
1 1 1 1 1 1 1 1
3 8 3 3 8 3
1 1 1 1
1 1 1 1
1 6 6 1 1 6 6 1
1 1 1 1 1 1 1 1 1 1 1 1
3 3 3 3 3 3 3 3
1 1 1 1
1 1 1 1
3 3 3 3 3 3 3 3
1 1 1 1 1 1 1 1 1 1 1 1
1 6 6 4 6 6 1
1 1
1 1
3 6 6 6 6 3
1 1 1 1 1 1 1 1 1 1
3 3 3 3 3 3 3 3
1 1 1 1 1 1
1 1 1 1 1 1
1 4 1 3 3 3 3 1 4 1
1 1 1 1 1 1 1 1 1 1 1 1 1 1
3 3 1 6 6 1 3 3
1 1
1 1
3 3 1 6 6 1 3 3
1 1 1 1 1 1 1 1 1 1 1 1 1 1
1 4 1 3 3 3 3 1 4 1
1 1 1 1 1 1
1 1 1 1 1 1
3 3 3 3 3 3 3 3
1 1 1 1 1 1 1 1 1 1
3 6 6 6 6 3
0
---
0
6 6 6 6 6 1
1 1 1 1 1 1 1 1 1 1 1
3 3 3 3 3 3 3 3
1 1 1 1 1
1 1 1 1 1
3 3 1 4 1 3 3 3 3
1 1 1 1 1 1 1 1 1 1 1 1 1
6 1 3 3 1 6 6 1
1 1 1
1 1 1
6 1 3 3 3 8 3
1 1 1 1 1 1 1 1 1 1 1
3 3 1 4 1 3 3 3 3
1 1 1 1 1 1 1
1 1 1 1 1 1 1
3 3 3 3 1 4 1 1 4 1
1 1 1 1 1 1 1 1 1 1 1 1 1
6 6 3 3 3 3 3
1
1
6 6 3 3 3 3 3
1 1 1 1 1 1 1 1 1 1 1 1 1
3 3 3 3 1 4 1 1 4 1
1 1 1 1 1 1 1
1 1 1 1 1 1 1
3 3 1 4 1 3 3 3 3
1 1 1 1 1 1 1 1 1 1 1
6 1 3 3 3 8 3
1 1 1
1 1 1
6 1 3 3 1 6 6 1
1 1 1 1 1 1 1 1 1 1 1 1 1
3 3 1 4 1 3 3 3 3
1 1 1 1 1
1 1 1 1 1
3 3 3 3 3 3 3 3
1 1 1 1 1 1 1 1 1 1 1
6 6 6 6 6 1
0