# 0.00291
0
27
1 2 2 2 2 2 2 2 2 1
27
3 6 6 3
1 1 1 2 1 1 2 1 1 1
3 6 6 3
27
1 2 2 2 2 2 2 2 2 1
27
9 9
1 2 2 1 1 2 2 1
9 9
3 3 3 3
1 1 1 1 1 1 1 1
3 3 3 3
9 9
1 2 2 1 1 2 2 1
9 9
27
1 2 2 2 2 2 2 2 2 1
27
3 6 6 3
1 1 1 2 1 1 2 1 1 1
3 6 6 3
27
1 2 2 2 2 2 2 2 2 1
27
0
0
---
0
27
1 2 2 2 2 2 2 2 2 1
27
3 6 6 3
1 1 1 2 1 1 2 1 1 1
3 6 6 3
27
1 2 2 2 2 2 2 2 2 1
27
9 9
1 2 2 1 1 2 2 1
9 9
3 3 3 3
1 1 1 1 1 1 1 1
3 3 3 3
9 9
1 2 2 1 1 2 2 1
9 9
27
1 2 2 2 2 2 2 2 2 1
27
3 6 6 3
1 1 1 2 1 1 2 1 1 1
3 6 6 3
27
1 2 2 2 2 2 2 2 2 1
27
0
0