# 0.00374
25
1 1 2 1 1
1 1 2 1 6 1
1 1 2 1 1 2 1
1 1 2 1 9 1
1 3 1 1 1 1
1 8 1 9 1
1 4 1 1 2 1
1 1 2 1 5 1
1 1 2 1 1 1
1 1 2 1 1 1
1 1 1 1 3 1
25
1 3 1 1 1
1 2 2 1 5 1
1 1 1 1 2 1 2 1
1 2 1 1 1 1 1
1 9 1 1 1 1
1 3 1 1 1 3 1
1 9 1 1 1 1 1
1 2 1 1 1 1 1
1 1 1 1 2 1 2 1
1 2 2 1 5 1
1 3 1 1 1
25
---
25
1 1 1
1 1 1 1 1 1
13 1 1 1
1 3 1 2 1 4 1
1 4 3 4 3
1 2 3 2 3 2
1 2 1 2 3 4 3
3 1 2 1 4 1 2 1
2 1 3 1 1 1
1 1 1 1 1
1 1 1
25
1 1 1
1 1 1 1 1
1 1 1 1 2 7 1
1 11 2 2 1
1 1 1 1 1 2 1 1 1
1 1 1 1 1 13
1 1 1 1 1 1 1 1 1
1 3 3 1 2 1 2 1
1 5 1 2 4 1
1 1 1 1 1 1
1 1 1
25