# 0.00824
35
1 1 1
1 1 1 1
1 1 1 1
1 1 1 1 1 2 1 1
1 1 1 1 3 2 3 1
1 1 1 1 1 4 1 1
1 1 1 1 2 1 1 2 1
1 1 1 1 3 3 1
1 1 1 1 1 1 1
1 1 1 1 2 2 1
1 5 1 1 1 1 1
1 5 1 1 2 2 1
1 3 5 1 1 1 1
1 1 5 1 2 2 1
1 3 1 14 1
1 1 1 1
35
1 1 1
18 1
1 14 1 1
1 2 2 1 5 1
1 2 2 1 2 2 1
1 2 2 1 2 2 1 1
1 2 2 1 1 1 2 1
1 4 4 4 18
3 1 2 1 3 1 1 2 1
1 4 4 4 1 2 2 1 1
1 2 2 1 2 2 1
1 2 2 1 5 1
1 2 2 1 1
1 2 2 1 1
1 2 2 1 1
1 1 1
35
---
35
1 1 1 1 1
1 2 1 2 3 1 1
1 3 1 3 1 1 2 1
1 13 1 4 1 1 2 1
1 3 1 2 2 3 2 1
1 2 1 2 2 2 1
1 1 2 2 2 1
1 1 2 3 1
1 2 1 2 3 1
1 3 1 2 2 2 1
1 14 2 2 2 1
1 3 1 2 2 3 2 1
1 2 1 4 1 1 2 1
1 1 3 1 1 2 1
1 1 2 3 1 1
1 1 1 1 1
35
1 1 1 1
1 1 1 1 1
1 1 2 1 1 1
1 4 4 1 5 1
1 1 2 3 1 1 2 1 2 1
1 3 1 1 2 1 2 1
1 3 1 1 1 1 1 1
1 3 1 1 1 1 1 1
1 3 1 1 1 1 1 1
1 3 1 1 2 1 2 1
1 3 1 1 2 1 2 1
1 1 2 3 1 1 5 1
1 4 4 1 1 1
1 1 2 1 5 1
1 1 1 3 1
1 1 1 1
35