# 0.00436
35
1 1 1
1 14 1 1
1 1 1 1 3 1
1 1 1 1 2 2 1
1 14 1 2 1 1 2 1
1 1 1 1 4 4 1
1 1 1 1 7 1
1 1 1 1 2 2 1
1 1 1 1 3 1
1 1 1 1 3 1
1 1 1 1 2 2 1
1 1 1 1 2 2 1
1 1 1 1 2 2 1
1 1 1 1 1 1 1
1 4 1 1
1 1 1
35
1 1 1
1 1 1
1 3 1 1 3 3 1
1 1 1 3 1 1 2 2 1
1 3 1 1 1 1 1 1 1
1 8 2 1 1 2 2 1
1 1 1 1 1 3 1
1 2 2 1 1 3 1
1 1 1 1 1 2 2 1
1 2 2 1 1 1 1 1
1 2 3 1 1 1 1
1 1 2 1 2 2 1
1 12 3 3 1
1 1 1
1 1 1
1 1 1
35
---
35
1 1 1
1 4 1 1
1 1 1 1 1 1
1 1 1 1 1 1
1 1 1 1 4 1
1 1 1 1 1 2 3 1
1 1 11 1 4 2 1 1
1 1 1 1 1 1 3 1 1
1 1 1 1 1 3 1 1
1 1 11 1 3 1 1
1 1 1 1 2 1 1
1 1 1 1 3 1 1
1 1 1 1 3 1 1
1 1 1 1 3 1 1
1 4 1 2 1 1
1 1 3 1
35
1 1 1
1 1 1
1 1 1 1
1 2 2 1 1 1 1
1 2 2 1 11 1
1 5 2 1 1 1 1
1 2 6 1 1
1 1 1 2 1 1
1 2 6 1 3 4 1
1 5 2 1 2 4 2 1
1 2 2 1 1 2 1 1
1 2 2 1 2 4 2 1
1 1 1 3 4 1
1 1 1
1 1 1
1 1 1
35