# 0.01134
14
14
11 1 2
6 1 2 1 2
3 1 1 6 1 2
4 1 12
1 2 14 1
2 16 2 1
3 3 13
1 3 12
2 3 9 1
3 5 4 10
1 4 2 9
2 3 2 2 9 3
1 4 2 12
6 11 2
8 4 12
10 11 2
11 4 12
11 1 1 12
21 1 5 11
21 5 13
3 13 1 11
1 12 4 12
13 10 1
2 2 6 10
3 2 2 7 2 11
9 2 10 10 1
9 2 7 9
8 2 8 2 10
7 2 13 1 5
5 2 11 3
2 10 2
2 9
2 8
2 7
2 1 4 1
2 5 2
3 6 1
3 6 1
---
4
3 3
3 5
2 6
2 6
2 6
2 5 2
2 4 3
3 3 4
4 3 2
10 4
9 4
8 2
14
14
9
9 1
37 2
6 2 2 1 21 3
6 1 1 25
4 2 2 25
4 1 7 16
5 7 16
3 1 5 1 5 10
4 3 1 2 1 1 1 1 1 6
3 1 3 1 1 1 1 2 1 1 4
3 2 1 1 2 2 3
4 3 1 1 2 1 2
2 1 3 2 1
2 4 1 1 2
3 4 1 1 1
4 1 2
1 5 2 1
8 1
6
1 5
8 5
17 4
26
1 25
24
27
24 1
23
23 2
2 16 3
2 15 1
2 1 9
1 1 3 3 2
1 1 1 2