# 0.00638
40
11 10 10
7 6 6
1 1
1 19 1
1 1 1 1 1 3
1 1 1 1 1 1
1 1 1 1 1 3 1 1 1
1 1 1 1 1 2 1 1 1
1 1 1 1 1 1 1 1 1 1
1 1 5 1 2 1 1 1
1 1 1 1 1 3 1 1 3
1 3 1 3 1
1 2 1 1 1 2 1
6 1 5 1 7
1 1 1 1 1 1 1
1 1 1 1 1 1 1
1 1 1 1 1
1 1 1 1 1
1 1 1 1 1
3 1 1 1 1 1
3 1 1 1 1 1
3 1 1 1 1 1
3 1 1 1 1 1 1 1
1 1 1 21 1 1
1 2 1 1 1 1 1 1 2
1 2 25 2
6 1 1 1 1 1 1 7
1 29
1 6 1 1 11 1 1 9
1 6 1 1 13 1 1 9
1 4 1 1 17 1 1 7
4 1 1 1 17 1 1 7
3 1 1 21 1 1 5
2 1 1 21 1 1 4
1 1 25 1 3
1 25 1 2
29 1
29
31
---
1 1 4 1 7
2 1 9 3
2 1 4 1 5
3 1 1 4
28 3 1
3 1 15
3 1 3 3
3 1 16
3 1 1 1 5
3 1 17
2 18 1 1 1 7
2 1 18
1 1 1 1 1 9
1 1 4 1 1 1 10
1 1 2 1 1 12
2 1 2 1 1 12
2 1 2 1 1 12
3 1 4 3 1 1 12
3 1 1 1 1 12
3 21 1 12
3 1 1 1 1 12
3 1 3 1 1 12
3 1 3 1 1 12
2 1 2 2 1 1 12
2 1 1 1 1 1 12
1 1 1 1 1 1 1 10
1 1 1 1 1 9
1 1 18
2 18 1 1 1 7
2 1 17
3 1 1 1 5
3 1 16
3 1 3 3
3 1 15
28 4 1
3 1 1 5
2 1 1 6
2 7 1 1 7
1 1 1 1 1 8
1 1 1 1 1 9