# 0.01117
50
1 1
1 2 3 3 3 1
1 2 2 5 1 3 2 1 1 1 1 2 3 1
4 2 4 1 3 2 3 2 1 1 2 4 3
9 1 8 1 1 1 3 1 3
4 1 6 1 1 4 3 1 1 3
1 2 1 2 2 1 1 1 1 1 1 1 4
1 1 1 2 1 1 1 1 1 1 1
3 1 1 4 1 1 1 3 1
1 4 1 4 1 2 3
1 1 3 4 24 1 2
1 1 2 2 1 2
1 1 1 2 2 3 2 2 1 1 1
8 4 4 5 4 4 9
1 1 4 4 5 4 4 1 1
1 1 4 4 5 4 4 1 1
2 1 4 4 5 4 4 1 1
3 35 1
1 2 1 1 2
1 2 1 1 1 1 1 1 1 1 1 1 1 1 3
1 2 1 1 1 1 1 1 1 1 1 1 1 1 2 1
1 3 2 2 1
1 2 2 4 2 2 2 1
1 2 1 4 1 1 6 1 1 4 1 3 1
1 2 1 4 1 1 6 1 1 4 1 2 1
1 2 1 4 1 1 6 1 1 4 1 2 1
1 2 1 4 1 1 6 1 1 4 1 2 1
2 2 4 6 4 2 2
4 36 4
1 3 1 1 3 1
1 3 24 3 1
1 3 22 3 1
1 1 1 1 1 1 1 1
50
---
35
1 3 1 1 2 2 1
1 3 2 1 2 1 1
1 4 1 1 2 2 1
1 1 4 1 2 1 1
1 3 5 2 2 1
1 3 1 7 1 1
1 1 18 2 1
1 6 2 1 1 1 1
1 3 1 5 1 3
1 1 5 6 2 4 1 1
1 2 2 6 1 1
1 1 1 3 5 6 1
1 1 1 4 1 2 9 1
1 1 1 4 1 7 4
1 3 1 3 1 6 2 1
1 1 2 5 2 1 2 1
1 3 5 6 4 1 2 1
1 1 1 6 1 2 1
1 3 1 5 2 1 2 1
1 1 1 1 4 1 2 1
1 2 1 1 1 4
1 4 1 5 2 6 2 1
1 1 1 6 7 2 1
1 4 1 6 7 2 1
1 3 1 6 2 7 2 1
1 3 1 5 7 2 1
1 2 1 1 6 2 1
1 1 1 1 2 1 4
1 5 1 5 4 1 2 1
1 1 1 6 1 2 1
1 1 1 6 2 1 2 1
1 5 1 5 4 1 2 1
1 3 1 1 1 2 1
1 1 1 1 2 6 2 1
1 6 1 1 7 4
1 1 1 5 9 1
1 5 1 6 2 6 1
1 1 1 6 1 1
1 3 1 5 4 1 1
1 4 2 1 1 3
1 1 12 1 1 1
1 7 1 8 2 1
1 2 1 5 1 1
1 1 5 2 2 1
1 3 2 1 2 1 1
1 1 3 1 2 2 1
1 5 2 1 2 1 1
1 4 3 1 2 2 1
35