# 0.00281
50
1 3 3 1 3 3 3 1 3 3
1 3 3 1 3 3 3 1 3 3
1 3 3 1 3 3 3 1 3 3
1 3 3 1 3 3 3 1 3 3
1 3 3 1 3 3 3 1 3 3
1 3 3 1 3 3 3 1 3 3
1 3 3 1 3 3 3 1 3 3
1 3 3 1 3 3 3 1 3 3
1 3 3 1 3 3 3 1 3 3
1 1 1 1 1 1 1 1 1 1
1 1 1 1 1 1 1 1 1 1
1 1 1 1 1 1 1 1 1 1
1 1 1 1 1 1 1 1 1 1
1 1 1 1 1 1 1 1 1 1
1 1 1 1 1 1 1 1 1 1
1 1 1 1 1 1 1 1 1 1
1 1 1 1 1 1 1 1 1 1
1 1 1 1 1 1 1 1 1 1
50
---
20
1 1
1 1
1 1
10 1
20
10 1
1 1
1 1
10 1
20
10 1
1 1
1 1
1 1
20
1 1
1 1
1 1
10 1
20
10 1
1 1
1 1
10 1
20
10 1
1 1
1 1
10 1
20
10 1
1 1
1 1
1 1
20
1 1
1 1
1 1
10 1
20
10 1
1 1
1 1
10 1
20
10 1
1 1
1 1
1 1