# 0.00950
7
1 3 1
9
1 4 2
1 2 1
2
48
2
1 1 1 1 1 1 1 1 1 1 1 1 1 1 1 1 1 1 1 1 1 1 1
3
4 1 1 1 1 1 1 1 1 1 5 2
1 1 1 1 1 1 1 1 1 1 8
1 1 1 1 1 1 1 1 1 5 3 2
14
1 1 7 1
2 11
4 5 5 5 4 3 1 2
5 2 2 2 2 2 2 1 7 1
5 2 6 2 6 2 6 9
4 1 7 1 7 1 7 1 7
5 1 1 1 1 1 1 1 1 1 1 1 1 1 1 1 1 3 1 1
5 1 7 1 7 1 7 1 7
4 1 1 1 1 1 1 1 1 1 1 1 1 1 1 1 1 3 1 1
5 1 7 1 7 1 7 1 7
5 1 1 1 1 1 1 1 1 1 1 1 1 1 1 1 1 3 1 1
5 1 7 1 7 1 7 1 7
7 1 1 1 1 1 1 1 1 1 1 1 1 1 1 1 3 1 1
7 7 1 7 1 7 1 7
16 1 1 1 1 1 1 1 1 1 1 1 3 1 1
1 1 7 1 7 1 9
3 1 1 1 1 1 1 1 1 1 1 9
10 3 31
18 31
30
27
3
5
14 7
15
13
---
1 13 2 1
2 4 14 2 1
3 2 2 14 2 1
1 3 1 2 13 2 1
4 1 2 2 6 2 1
7 1 3 2 1
7 11 2 1
1 1 1 1 2 1 2 1
4 1 3 2 10 2 1
3 1 1 1 2 1 1 1 2 2 1
1 3 1 11 1 1
1 1 1 2 1 1 1 2 1 2
1 3 13 1 2
1 1 3 1 1 1 2 1 2
1 11 1 1
1 1 5 1
1 3 1
1 1 15 1
1 2 1
1 1 3 2 16 1
1 1 2 1 1 1 1 1 4 1
1 1 3 1 17 1
1 1 2 1 1 1 1 1 4 1
1 1 3 19 2
1 3 1 1 1 1 1 4 2
1 1 17 2
1 4 1
1 1 4 1
1 17 1
1 1 2 4 1
1 3 2 16 1
1 1 1 2 1 1 1 1 1 4 1
1 3 1 17 1
1 1 1 2 1 1 1 1 1 4 1
1 3 19 1
1 1 3 1 1 1 1 1 4 1
1 2 17
1 1 2 2 4
1 3 2 4
1 1 1 5 17 1
1 4 4 4 2
1 1 6 21
1 2 25
1 1 28
1 9 1 1 1 1 6 2
1 1 6 18 1
1 2 7 1 1 1 1 5
1 1 5 16
1 2 2 5
1 2 2 4