# 0.00614
4 4
12 12
27
25
23
23
3 21 3
1 1 5 7 5 1 1
2 1 4 2 5 2 4 1 2
1 6 2 3 2 6 1
2 1 4 1 3 1 4 1 2
1 1 7 3 7 1 1
3 7 3 7 3
7 3 7
7 3 7
7 3 7
7 3 7
3 8 3 8 3
1 1 4 2 1 2 4 1 1
2 1 3 2 2 1 2 2 3 1 2
1 5 2 1 1 1 2 5 1
2 1 4 1 1 1 1 4 1 2
1 1 7 1 1 1 7 1 1
3 7 1 1 1 7 3
7 1 1 1 7
8 1 1 1 8
8 1 1 1 8
8 1 1 1 8
3 8 1 1 1 8 3
2 1 4 2 1 1 1 2 4 1 2
1 1 3 2 1 1 1 1 1 2 3 1 1
1 5 2 1 1 1 1 1 2 5 1
1 1 4 1 1 1 1 1 4 1 1
2 1 6 1 1 1 1 1 6 1 2
3 6 1 1 1 1 1 6 2
6 1 1 1 1 1 6
6 1 1 1 1 1 6
6 1 1 1 1 1 6
6 1 1 1 1 1 6
4 1 1 1 1 1 4
3 1 1 1 1 1 3
3 1 1 1 1 2
2 1 1 1 1 2
2 1 1 1 1 2
11
---
3
3 3 1 1
2 2 2 2 2 2
1 1 1 1 1 1
1 1 1 1 1 7
3 7 7 1
6 1 1 14
10 22
40
30 9
18 8 2 9
7 8 2 7 2 11
6 2 7 2 8 4
6 2 8 19 1
7 10 4
8 22 1
17 4
39 1
17 4
8 22 1
7 10 4
6 2 8 20 1
6 2 7 2 8 3
7 8 2 7 2 11
18 8 2 9
30 9
40
10 22
6 1 1 14
3 7 7 1
1 1 1 1 1 6
1 1 1 1 1 1
2 2 2 2 2 2
3 3 1 1
3