# 0.00550
35
1 3 1 1
1 1 1 1 1
1 2 3 2 1 1
1 2 1 2 1 1
1 6 1 1
1 1 18
1 5 2 2
1 2 2 2 2
1 2 2 2 3 3 3 2
1 2 2 2 2 3 3 4
1 1 1 2 2
1 1 1 2 2
1 1 1 18
1 1 1 1 1
1 11 1 1
1 1 1
35
1 1 1 3 1
1 1 1 3 1
1 1 1 3 1
1 1 1 3 1
1 14 1 5 1
1 1 1 1 3 3 1
1 1 10 1 1 3 3 1
1 1 1 1 1 4 3 1
1 1 1 1 1 1 3 3 1
1 1 1 1 1 1 3 1
1 10 1 3 1
1 1 3 1
1 1 4
1 1 3
1 1 2
1 1 1
35
---
35
1 1 1
1 1 6 1
1 1 1 1
1 6 1 1 5 1
1 1 2 1 1 1 1 1 1
1 2 2 1 1 1 1 1 1
1 2 2 1 1 1 1 1 1
4 1 1 1 6 1 1 1 1
2 5 1 1 1 1 1 1
4 1 1 1 1 1 1 1 1
1 1 2 1 1 1 1 1 1
1 2 2 1 1 1 1 1 1
1 2 2 1 1 1 5 1
1 1 6 1 1 1
1 1 6 1
1 1 1
35
1 8 1 2 1
1 1 1 1 3 1
1 1 1 1 1 3 1
1 1 2 1 1 3 1
1 1 1 1 1 3 1
1 1 2 1 1 3 1
1 1 1 1 1 5 1
1 1 2 1 4 3 1
1 1 1 1 3 3 1
1 1 2 1 2 3 1
1 1 1 1 1 3 1
1 1 2 1 1 3 1
1 1 1 1 1 3 1
1 1 2 1 1 3 1
1 1 1 1 1 3 1
1 8 1 3 1
35