# 0.00794
1 1 1
15 1 1
1 1 1 12 1 1 1 1
1 1 3 1 1 1 15
1 2 8 1 1 1 1 1 1 1
1 2 3 4 2 2 2 1 1 1 1
1 1 3 4 5 2 5 1
1 2 8 1 1 1 1 1
1 2 3 3 1 1 1 1 1 1 1
1 1 3 3 1 1 1 2 2 1
1 1 3 1 1 1 1 1
1 1 5 1 1 1
1 1 1 1 1 1 1 1
1 1 2 1 2 1 1
1 1 1 1 3 1 1
1 2 1 1 1 1 1 1
1 2 1 1 1 1 1 1 1
1 4 1 1 1 1 1 3
1 6 1 1 1 1 1 2
1 7 1 1 1 1 1 2
1 1 1 1 1 2 1 1 1 2
1 1 1 4 2 3 5
1 1 1 2 5 1
5 1
1
---
0
1
23
1
1 2 2
13
1 3
1 3 3
1 7 4 1
10 5 1
1 7 3 1
1 1 1 2 3
1 4 2
1 7
2 7
10
1
5
1 1
1 8
15 2
1 2 1 1
1 1 2 2 2
1 2 1 1
12 1
2 10
1 1 3
5
1
1 13
8 1
1 1 9
1 1 1 2
1 1 8
8 1
1 9 1
1 5
23
1
0