# 0.00501
40
40
40
20 7 5
18 3 3
17 2 1 1 2 1 2
15 3 2 3 2 1
14 8 8 1
12 9 10
11 4 3 4 4
10 2 2 2 2
9 9 10
9 8 8 1
8 3 2 3 2 1
8 2 1 2 1 2
8 3
1 1 9 2 5
1 1 2 10
1 1 1 7
1 1 1 7
1 1 1 7
1 1 2 7
1 1 23
14 10
15 10
16 2 10
16 4 9
17 4 9
17 6 8
18 6 8
18 8 7
19 8 7
19 10 6
20 10 6
19 12 5
19 12 5
18 14 4
18 14 4
17 16 3
17 16 3
---
6 7
7 8
8 9
9 10
10 11
11 12
12 13
13 14
14 15
15 16
16 17
40
16 17
40
16 17
8 4 17
6 2 17
5 2 1 2 16
4 3 2 1 14
4 8 2 13 2
3 10 16 4
3 4 4 1 8 6
3 2 2 1 6 8
3 10 1 4 10
4 8 1 1 12
4 3 2 1 1 14
5 1 15
6 1 15
5 2 1 1 14
4 3 2 1 1 12
4 8 2 4 10
3 10 1 6 8
3 4 4 1 8 6
3 2 2 15 4
3 10 17 2
4 8 20
4 3 2 22
5 2 1 25
6 26
8 28