# 0.00715
40
1 36
1 11 21
1 10 19
1 1 9 17 3
1 2 3
1 2 9 16 2
1 1 1 1 1
1 1 1 1 1 1
1 9 1 3 1
1 1 1 1 2 3 1
1 1 3 1 1 2 3 1
1 1 1 1 1 1 2 2 3 1
1 1 5 1 16
1 1 1 1 1 1 1
1 9 1 1
1 1 1 1 6 4 1 6
1 1 1 1 4 4 1
1 1 1 16 6
1 3 1 5 1 1 1
1 1 1 1 1 1 1
1 3 9 1 1 2 2 1
1 1 1 1 5 2 2 1
1 1 1 1 5 2 2 1
1 1 5 1 16 6
1 1 1 1 1 1 2 1
1 1 1 1 1 1 1
1 9 1 1
1 1 1 16
1 9 1 2 2 2 1
1 1 1 1 1 1 1 2 1
1 1 1 1 1 1 1 2 1
1 1 1 1 1 1 1 2 1
1 2 9 16 2
1 2 3
1 1 27 3
1 30
1 33
1 36
40
---
40
1 1
2 2 1 1 2 2
3 2 1 1 2 3
4 1 1 1 1 4
5 5
5 28 5
5 1 1 1 1 1 1 1 5
5 1 1 3 3 4 5 5
5 1 1 3 1 1 1 1 1 1 1 5
5 1 1 1 1 1 1 1 1 1 5 5
5 1 1 3 1 1 1 1 1 1 1 5
5 1 1 3 3 4 5 5
5 1 1 1 1 1 1 1 5
2 28 5
5 5
5 28 5
5 1 1 1 1 1 1 5
5 1 2 1 1 3 1 1 5
5 1 2 3 3 2 1 5
5 1 1 3 4 2 1 5
5 1 1 3 3 1 1 5
5 1 4 3 3 1 1 5
5 1 4 1 1 2 6 5
5 1 1 1 2 6 5
5 1 1 1 4 1 1 5
5 1 5 3 4 1 1 5
5 1 6 3 1 2 1 5
5 1 5 3 4 2 1 5
5 1 1 3 4 1 1 5
5 1 1 1 1 1 1 5
5 28 5
4 4
4 1 1 1 1 1 4
3 2 1 1 1 2 3
3 1 1 1 1 1 3
2 2 1 1 1 2 2
2 1 1 1 1 1 2
1 1 1 1 1 1 1
1 1