# 0.01091
40
9 4 8 4
7 5 5 1 1
5 1 1 1 4 2 2 1
3 5 4 2 2
2 3 2 2 3
1 5 2 2 4
1 1 2 2 5
1 2 2 6
1 2 2 2 4
1 2 2 8
1 2 2 2 2 3
1 2 2 2 6
1 2 2 2 2 2
1 2 2 1 5
1 2 2 1 4
1 2 2 2 2 1
1 2 2 2 4
1 2 2 2 4
1 2 2 2 2 1
1 2 2 2 4
1 2 2 2 4
1 2 2 2 2 1
1 2 2 2 4
1 2 2 2 5
1 2 2 2 2 2
1 2 2 2 6
1 3 2 2 6
1 7 2 3 3
1 2 4 2 7
1 3 7 5 1
1 7 3 2 2 2
3 4 2 9
2 7 10
1 2 3 3 2 3
1 2 2 7 4
1 2 2 3 9
3 2 7 6
2 2 6 3 7
40
---
40
6 2 3
5 2 2 1
4 2 2 1
4 3 2 1
3 7 2
3 2 3 3
2 3 3 2 1
2 12 1
1 2 3 3 1
1 2 3 2 1
1 2 7 1
1 2 2 3 1
1 2 1 2 2 2 1
1 3 2 2 2 1
1 5 2 2 2 1
1 3 2 2 2 1
1 2 1 2 2 2 1
1 2 2 2 1
1 2 2 2 1
1 2 2 2 1
2 2 2 2 1
2 2 2 2 2
3 2 2 2 2
3 1 2 2 2
1 1 1 2 2 3
4 2 2 2 3
4 2 2 2 4
2 2 2 2 2 3 1
7 2 2 6
3 2 2 2 3 3
5 2 2 8
4 2 2 4 2 1
3 2 2 9 2
1 2 5 5 8
1 2 2 5 10 4
4 5 16 5 5
2 8 11 4 8
2 12 2 2 7 9
40