# 0.00476
22 17
22 8 1 1 4
12 1 1 4 7 1 4
1 9 1 3 7 5
1 10 4 1 1 8 6
12 4 7 6
5 1 1 3 4 3 7 6
5 1 3 2 1 7 1 1 1
6 6 5 1 1
7 6 1 4 2 1
7 5 1 3 3 2
7 4 6 2
11 2 2
2 1 1 1 4 2
2 1 2 5 2
3 5 9
4 7 1 1 1 3
4 7 1 1 3
13 2 4
1 1 1 7 3 5
1 1 7 9
2 9 4 1 1 1
3 2 1 1 3 5 1 1
3 2 1 4 1 1 1 1 2
3 3 6 2 1 2 3
3 4 10 2 5 3 3
3 4 10 2 6 4 3
3 4 8 2 4 4 3
1
0
0
0
0
18 4 3
3 1 1 12 4 3
5 1 12 4 3
1 6 5 1 1 3 4 3
2 7 6 1 3 4 3
3 7 7 4 4 3
4 7 8 5 4 3
---
3 1 11
4 13 7
3 15 6
13 4 1
14 4 6 1
13 1 1 7 2
6 6 6 4 3
7 4 8 3 4
6 1 10 1
7 4 9 3 5
6 5 7 4 5
13 13 6
2 8 12 6
3 6 7 7
2 1 2 5 1 4
3 4 4 2 3
2 4 3 1 1
7 2 2 3
7 2 1 4
5 7
3 7
2 1 1 3 7
2 2 3 7
2 1 1 3 2
3 4 1
5 2 3 1
8 2 4 1
8 4 3 2
9 5 7
10 1 3 7
11 3 2 7
1 9 8 1
2 8 2 6 2 7
1 1 1 4 4 3 7
2 8 3 1 1 5 7
1 4 8 3 4 7
8 6 3 1
7 1 7 4 7
8 11 5 7
7 19 7