# 0.00620
50
1 2 1
1 1 3 1 1
1 1 1 1 1 1 1 1
1 1 1 1 2 1 1 1
1 1 1 1 1 1 1
1 1 1 1 1
1 3 1 1
1 2 3 1
1 2 1 2 1
1 1 2 1
1 2 2 1
1 1 1 1
1 1 2 1
1 2 1 1 1
1 1 1 1 1
1 1 1 5 1
1 2 2 2 2 1
1 1 4 1 1
1 1 1 1 1
1 1 2 2 1
1 4 2 2 1
1 3 1 4 1 2 1
7 1 1 25
9 1 1 26
36 5 4
35 4
35 4
35 5 5
50
---
30
1 7
1 7
1 7
1 7
1 7
1 8
1 1 6
1 2 6
1 1 5
1 9
1 5 5
1 4 5
1 4 5
1 5 3 5
1 2 5
1 3 2 5
1 1 5
8 5
3 5
1 3 5
1 6 4 5
1 1 2 8
1 2 2 1 2 5
1 2 1 3 6
1 4 2 3 8
1 3 7
1 5 8
1 2 7
1 1 8
1 1 9
1 2 2 7
1 4 7
1 7
1 7
1 3 1
1 2 1
1 2 1
1 3 2
1 3 2
1 3 2
1 3 2
1 3 2
1 2 1
1 2 1
1 2 2
1 7
1 7
1 7
30