# 0.00563
25
1 2 2 1
1 1 2 1
1 1 1 1
1 2 1 1 2 1
1 3 3 1
1 9 1
1 4 1 3 1
1 3 3 1
1 2 1 1 2 1
1 2 2 1
1 2 2 1
1 2 1 2 1 1
1 3 3 3 2 1
1 4 4 3 1
1 5 5 3 1
1 11 3 1
1 2 3 3 1
1 2 1 1 2 3 1
1 3 1 2 1 1
1 2 1 2 1 1
1 1 1 1 2 3 1
1 1 1 2 1 1 1
1 1 1 4 1 1
1 1 1 1 3 1 1
1 1 1 1 6 1
1 1 1 1 2 1 1
1 1 1 1 1 1 2 1
1 1 1 1 1 1 1
1 1 1 1 4 1
1 1 1 1 1 1 1
1 1 1 1 1 1
1 1 11 1
1 1 1 1 1
1 4 1 1
1 1 1 1 1
1 1 1 1 1
1 3 1 1 1
1 1 1 1 1
25
---
40
1 1
1 1
1 15 1
5 2 4 1
2 2 3 1 1 1 1
1 1 10 2 15
1 15 1 1
1 3 4 1 1
1 2 2 1 1
1 1 1 1 1 1 1 1 1 1 1 1
1 2 1 1 1 3
1 1 1 2 17 1
1 2 3 1 1
1 3 5 1 1
1 13 2 1 1
2 1 9 21
3 2 3 7 1 1
1 3 3 1 1
1 3 1 3 1
1 10 3 1
1 6 5 1
1 5 1
1 1
40