# 0.00496
0
0
11
1 1
2 1 1
2 4 3 1 1 1
4 1 2 4 1 3 1
3 3 1 4 1 3 1
3 3 1 1 1 1 3 1
1 4 2 1 1 3 1
1 2 2 2 1 1 1
2 2 1 2 1 1 1
2 3 3 1 1 1
1 4 4 2 1 1 1
2 5 4 2 1 1 1
2 5 4 2 1 1
2 5 3 2 1 1
1 5 1 2 1 1
1 5 1 2 1 1
1 5 1 2 1 1
1 1 1 1 1 1
40
1 1 1 1 2 1
2 2 2 2 2 1
2 1
2 1
2 1
2 1
2 1
2 1
---
1
2 1
4 3 1
18
3 2 1 1
1
5 1
1 6 1
13 1
17
3 8 1 1
2 1
1
2 1
1 5 1
20
3 2 5 1 1
3 1
3 1
3 7 1
19 1
3 2 1 1 2
1 2
1 2
1 2
1 2
1 2
3
2
20
1 1
1 1
1 1
1 4 1
1 7 1
1 4 1
1 1
1 2 1
1 1
28