# 0.00509
35
1 1 1 1
1 3 1 1 1
1 2 2 1 9 1
1 3 3 1 11 1
1 3 2 2 3 1 13 1
1 1 1 3 1 1 1 3 3 3 1
1 1 1 1 1 2 1 2 1
1 3 1 2 2 1
1 2 2 1 2 2 1
1 2 2 1 2 2 1
1 2 2 1 2 2 1
1 9 1 2 2 1
1 1 1 1 1 1 1 3 2 2 3 1
1 1 1 1 1 1 1 5 5 1
1 1 1 3 3 1
1 1 1
35
1 1 1
1 1 1 1
1 4 1 3 1
1 2 2 1 2 2 1
1 1 1 1 2 1 2 1
1 4 4 1 2 3 2 1
1 2 4 2 1 2 2 2 2 1
1 1 2 1 1 2 2 1 2 2 1
1 12 1 2 2 3 2 2 1
1 3 2 2 2 2 3
1 1 1 1 1 1 1 2 2 2 2 2 2
1 1 1 1 1 1 1 2 1 1 1 1 2
1 1 1 1 1 1 1 1 1
1 1 1 1 1 1 1 1 1
1 1 1
1 1 1
35
---
35
1 1 1
1 3 1 3 4 1
1 1 1 2 1 1
1 3 4 1 1 1 4 1
1 1 3 1 3 1 1
1 3 2 3 1 2 2 1 4 1
1 2 2 2 1 1 1 3 1
3 3 4 1 1 3 1
1 2 2 2 1 1 2 2 1 4 1
1 3 2 3 1 3 1 1
1 1 3 1 1 1 4 1
1 3 4 1 2 1 1
1 1 1 3 4 1
1 3 1 1
1 1 1
35
1 1 3 1
1 6 1 2 1
1 9 1 2 2 1
1 3 3 1 2 2 1
1 3 2 1 2 2 1
1 3 2 1 2 2 2 1
1 3 3 1 2 2 2 1
1 4 3 1 2 2 2 1
1 6 1 2 2 2 1
1 4 3 1 2 2 2 1
1 3 3 1 2 2 2 1
1 3 2 1 2 2 2 1
1 3 2 1 2 2 1
1 3 3 1 2 2 1
1 9 1 2 2 1
1 6 1 2 1
1 1 3 1
35