# 0.00467
35
1 1 1 1 1 1
1 1 1 1 1 2 1
1 5 1 4 1
1 3 3 1 4 1
1 2 2 1 6 1
1 2 2 1 6 1
5 1 5 8 1
1 2 3 2 1 8 1
4 5 4 10 1
1 2 3 2 1 10 1
5 1 5 12 1
1 2 2 1 12 1
1 2 2 1 3 4 3 1
1 3 3 1 2 4 2 1
1 5 1 6 1
1 1 1 1 1 6 1
1 1 1 1 1 1
35
1 1 1
1 1 1
1 4 4 1 7 1
1 1 2 2 1 1 2 2 1
1 6 6 1 2 2 1
1 1 5 1 1 2 2 1
1 1 2 2 2 2 1 1 13 1
1 1 2 1 1 2 1 1 1 1 1 1 1 1 1 1
1 1 2 2 2 2 1 1 1 1 1 1 1 1 1 1
1 1 5 1 1 3 1 1 1 3 1
1 6 6 1 2 1 1 1 2 1
1 1 2 2 1 1 3 1 3 1
1 4 4 1 7 1
1 1 1
1 1 1
35
---
35
1 1 1 1 1 1
1 1 1 1 1 11 1
1 5 1 1 1 1 1 1
1 3 3 1 1 1 3 1 1 1
1 2 2 1 3 3 3 1
1 2 2 1 2 2 1
5 1 5 7 1
1 2 3 2 1 2 2 1
4 5 4 1 1 1
1 2 3 2 1 2 2 1
5 1 5 7 1
1 2 2 1 2 2 1
1 2 2 1 3 3 3 1
1 3 3 1 1 1 3 1 1 1
1 5 1 1 1 1 1 1
1 1 1 1 1 11 1
1 1 1 1 1 1
35
1 1 1
1 1 5 1
1 4 1 3 2 1
1 6 1 2 6 1
1 7 1 2 1 2 1
1 8 2 1 1 7 1
1 14 1 1 1 1 1
1 15 1 1 7 1
1 15 1 1 1 1 1
1 14 1 1 7 1
1 8 2 1 2 1 2 1
1 7 1 2 6 1
1 6 1 3 2 1
1 4 1 5 1
1 1 1
35