# 0.00446
35
1 1
1 10 4 1
1 22 2 2 1
32 1
13 10 2 2 1
1 4 1
1 1
35
1 1
3 2 2 2 2 3
1 2 2 2 2 2 2 1
1 13 1 13 1
1 2 2 2 2 2 2 1
3 2 2 2 2 3
1 1
35
35
1 1 1 1 1 1 1 1 1
1 1 1 1 1 1 1 1 1 1
2 1 1 1 1 1 1 1 1
35
35
35
1 1
1 1
1 30 1
1 4 4 4 4 1
1 4 4 4 4 1
1 3 3 3 3 1
1 9 9 1
1 1
1 1
1 1
35
---
18 16
1 2 1 1 1 2 4 1
1 2 1 2 2 2 3 1 1
1 2 1 3 3 3 3 1
1 2 1 1 1 1 2 1 3 4 1
1 3 1 5 2 4 5 1
1 3 1 3 2 3 5 1
1 3 1 1 3 3 1 1 1
1 3 1 1 2 1 3 1 1 1
1 3 1 1 2 4 1 1 1
1 4 1 1 2 3 1 1 1
1 4 1 1 3 3 1 1 1
1 4 1 1 1 1 2 1 3 5 1
1 3 1 5 2 4 5 1
1 3 1 3 2 3 4 1
1 3 1 1 3 3 3 1
1 3 1 2 1 3 1 1
1 4 1 1 2 4 1 1
1 4 1 2 3 3 1
1 4 1 1 3 3 4 1
1 3 1 3 2 1 3 5 1
1 3 1 5 2 4 5 1
1 3 1 1 1 1 2 3 1 1 1
1 3 1 1 3 3 1 1 1
1 3 1 1 2 1 3 1 1 1
1 5 1 1 2 4 1 1 1
1 5 1 1 2 3 1 1 1
1 1 1 1 1 1 3 3 5 1
1 5 1 3 2 1 3 5 1
1 3 1 5 2 4 4 1
1 1 1 1 1 1 2 3 3 1
1 3 1 3 3 3 1 1
1 1 1 1 2 2 2 1 3 1
1 1 1 1 2 4 1
20 14