# 0.00770
1 1
1 1 2
1 5
24
21 2
1 3 2
1 4 2
2 3 1 1
2 5 1
3 4 4
3 3 6
4 3 8
6 3 9
1 9 11
1 5 12
1 6 13
1 7 13
1 4 19
1 4 18
5 15
3 12
2 13
1 13
1 12
1 13
1 12
1 13
1 12
1 11
1 10
1 11
1 10
1 9
1 9
1 10
1 9
1 9
1 9
1 11
1 11
14
14
14
14
14
14
14
14
13
13
13
12
12
12
11
11
10
8
---
0
0
0
18
10 14
20 16
5 6 3 18
2 5 3 20
2 3 3 20
2 3 3 21
2 7 24
2 5 25
2 4 28
2 4 30
2 2 3 32
2 3 4 32
2 3 3 24
2 3 3 17
2 3 3 16
2 2 18
2 2 17
2 2 17
2 3 17
5 16
4 17
28
2 18
2 16
6 16
2 4 13
12
9
7
3
0