# 0.00573
24 2 8
22 3 8
21 4 8
21 5 9
21 5 9
21 4 9
21 3 10
21 1 11
11 4 1 6
9 5 1 5 4
8 21 4
6 5 8 4 3
6 6 3 3
6 5 3 3
5 5 2 2
5 6 2 2
4 6 3 1
4 6 3 1
3 7 3 1
3 7 3
2 8 3
2 7 3
2 7 2
2 7 2
2 7 2
2 7 2 1
2 7 3 1
2 6 3 1
3 6 2 1
3 5 2 2
4 6 3 2
4 6 2 3
4 5 2 3
5 5 3 3
5 5 4 4
6 7 4 4
6 15 4 5
6 7 9 6
7 5 3 5 7
7 8 8
---
40
40
20 12
18 7 10
16 11 7
14 16 5
11 19 2
11 25
10 28
9 28
9 11 9
8 7 5
8 4 4
8 2 3
8 2 2 1
8 2 1 1
8 1 1 2
9 2 1 2
9 2 1 2
9 2 1 1
9 2 2 1
2 2 2 1
1 9 1
1 5 2 2
5 3 2
5 2 2
5 1 2 3
2 2 2 4
5 3 4
8 3 3 1
8 4 3 2
9 7 5 3
9 7 8 4
11 6 7 6
14 10 9
16 4 11
19 15