# 0.00606
30
1 2 1 1 1 1 1
2 1 1 2 1 1 1
3 2 2 1 2 2 1
1 2 1 1 1 1 1 1
1 2 2 1 1 1 2 1
2 1 1 1 2
3 12 1 3
1 4 4 1 1
1 2 2 2 2 4 1
1 2 2 2 2 2 2 3 1
1 1 2 2 2 2 1
1 2 2 1 1
1 3 2 1
1 1 21 1 1
1 1 1 1 1 1 1
1 1 2 1 3 3 3 1 1 1
1 1 2 1 1 1 1 1 1 1 1 1
1 1 2 1 3 3 1 1 1 1 1
1 1 2 1 1 1 1 1 1 1 1 1 1
3 1 1 3 3 3 3 1
5 1 2 1
2 22 1
3 1
1 2 3 1
1 1 2 2 7 1
1 2 2 8 5
1 4 1
1 1
30
---
30
1 2 2 4 1
1 2 1 12 2 1
1 2 2 2 1 3 1
1 2 2 1 5 2 2 1
1 1 1 4 1 1 1
2 1 2 1 1 1 1
4 1 2 2 9 2 1
1 3 1 1 1 2 1
1 1 2 1 1 1 2 1
1 1 2 1 1 1 1
4 1 1 5 1 2 1
1 3 1 2 1 1 1 1 1 2 1
1 1 2 1 1 3 1 1 1
1 1 1 1 1 1
1 1 2 1 1 1 1 1 1
1 4 1 2 1 1 1 1
3 1 1 1 1 1 1 1 1
1 2 2 1 1 1 1 1 1 1
1 1 2 1 5 1 2 1
1 4 1 1 1 1 1
4 2 2 1 5 1 1 1
1 1 2 1 1 1 1 1 1
1 1 1 5 1 1 1
1 3 2 1 1 1 1
1 3 1 9 2 1
4 2 1 2 1 1
1 2 10 1 1
1 2 1 1
30