# 0.00603
0
3
1 1
1
9
2 2 3
1 1 2 2
1 1 1 1
1 2 2 1 5
2 1 1 1 1 2 1 1
5 17 5 4
1 1 1 1 1 1 1
1 4 4 1 1
1 1 1
2 1 1
2 1 1
3 1 1
3 5
4
4
5
5
6
6
7
3 3
3 34
3 33
3 33
3 33
3 4 1 1 1 1
3 4 1 1 1 1
3 7 1 1 3
3 5 1 1 1
10 6
4
4
4
4
4
---
0
0
24
1 20
1 18
1 7
3 7
1 1 18
1 1 16
3 14
1 14
1 4 3
6 4 1 1
2 1 7 1
1 1 4 1
1 3 4 1
1 1 1 9
4 1 4
1 1 1 4
2 1 3 9
1 1 1 4 1
2 1 4 1
6 7 1
1 4 1 1
1 4 3
3 4
1 1 4
1 1 4
3 4
1 4
1 4
1 4
12 4
2 1 1 4
1 1 1 4
2 1 1 4
12 4
1 4
1 4
1 4