# 0.00933
73
1 1 1 1 1 1 1 1 1 1
1 1 1 3 1 3 1 1 1 1 3 1 3 1 3 1 3 1 3 1
1 1 1 1 1 1 1 1 1 1 1 1 1 1 1 1 1 1 1 1 1 1
1 1 1 3 1 2 1 3 1 3 1 3 1 1 1 3 1 3 1
1 1 1 1 1 1 1 1 1 1 1 1 1 1 1 1 1 1 1 1 1
1 1 1 3 1 3 1 1 1 3 1 3 1 1 1 3 1 3 1
1 1 1 1 1 1 1 1 1 1
73
1 1 1 1 1 1 1 1 1 1
1 1 1 1 3 1 3 1 3 1 3 1 3 1 1 1 3 1 3 1
1 1 1 1 1 1 1 1 1 1 1 1 1 1 1 1 1 1 1 1 1 1
1 3 1 3 1 3 1 1 1 3 1 3 1 1 1 3 1 2 1
1 1 1 1 1 1 1 1 1 1 1 1 1 1 1 1 1 1 1 1 1
1 1 1 3 1 3 1 1 1 3 1 3 1 1 1 3 1 3 1
1 1 1 1 1 1 1 1 1 1
73
1 1 1 1 1 1 1 1 1 1
1 3 1 3 1 3 1 1 1 3 1 3 1 1 1 1 3 1 3 1
1 1 1 1 1 1 1 1 1 1 1 1 1 1 1 1 1 1 1 1 1 1
1 1 1 3 1 3 1 1 1 3 1 2 1 3 1 3 1 3 1
1 1 1 1 1 1 1 1 1 1 1 1 1 1 1 1 1 1 1 1 1
1 1 1 3 1 3 1 1 1 3 1 3 1 1 1 3 1 3 1
1 1 1 1 1 1 1 1 1 1
73
1 1 1 1 1 1 1 1 1 1
1 3 1 1 1 3 1 3 1 1 1 1 3 1 3 1 3 1 3 1
1 1 1 1 1 1 1 1 1 1 1 1 1 1 1 1 1 1 1 1 1 1
1 3 1 1 1 3 1 2 1 3 1 3 1 3 1 1 1 3 1
1 1 1 1 1 1 1 1 1 1 1 1 1 1 1 1 1 1 1 1 1
1 3 1 1 1 3 1 3 1 1 1 3 1 3 1 1 1 3 1
1 1 1 1 1 1 1 1 1 1
73
1 1 1 1 1 1 1 1 1 1
1 3 1 1 1 1 3 1 3 1 3 1 3 1 3 1 1 1 3 1
1 1 1 1 1 1 1 1 1 1 1 1 1 1 1 1 1 1 1 1 1 1
1 2 1 3 1 3 1 3 1 1 1 3 1 3 1 1 1 3 1
1 1 1 1 1 1 1 1 1 1 1 1 1 1 1 1 1 1 1 1 1
1 3 1 1 1 3 1 3 1 1 1 3 1 3 1 1 1 3 1
1 1 1 1 1 1 1 1 1 1
73
1 1 1 1 1 1 1 1 1 1
1 3 1 3 1 3 1 3 1 1 1 3 1 3 1 1 1 1 3 1
1 1 1 1 1 1 1 1 1 1 1 1 1 1 1 1 1 1 1 1 1 1
1 3 1 1 1 3 1 3 1 1 1 3 1 2 1 3 1 3 1
1 1 1 1 1 1 1 1 1 1 1 1 1 1 1 1 1 1 1 1 1
1 3 1 1 1 3 1 3 1 1 1 3 1 3 1 1 1 3 1
1 1 1 1 1 1 1 1 1 1
73
1 1 1 1 1 1 1 1 1 1
1 3 1 3 1 1 1 3 1 3 1 1 1 1 3 1 3 1 3 1
1 1 1 1 1 1 1 1 1 1 1 1 1 1 1 1 1 1 1 1 1 1
1 3 1 3 1 1 1 3 1 2 1 3 1 3 1 3 1 1 1
1 1 1 1 1 1 1 1 1 1 1 1 1 1 1 1 1 1 1 1 1
1 3 1 3 1 1 1 3 1 3 1 1 1 3 1 3 1 1 1
1 1 1 1 1 1 1 1 1 1
73
1 1 1 1 1 1 1 1 1 1
1 3 1 3 1 1 1 1 3 1 3 1 3 1 3 1 3 1 1 1
1 1 1 1 1 1 1 1 1 1 1 1 1 1 1 1 1 1 1 1 1 1
1 3 1 2 1 3 1 3 1 3 1 1 1 3 1 3 1 1 1
1 1 1 1 1 1 1 1 1 1 1 1 1 1 1 1 1 1 1 1 1
1 3 1 3 1 1 1 3 1 3 1 1 1 3 1 3 1 1 1
1 1 1 1 1 1 1 1 1 1
73
1 1 1 1 1 1 1 1 1 1
1 3 1 3 1 3 1 3 1 3 1 1 1 3 1 3 1 1 1 1
1 1 1 1 1 1 1 1 1 1 1 1 1 1 1 1 1 1 1 1 1 1
1 3 1 3 1 1 1 3 1 3 1 1 1 3 1 2 1 3 1
1 1 1 1 1 1 1 1 1 1 1 1 1 1 1 1 1 1 1 1 1
1 3 1 3 1 1 1 3 1 3 1 1 1 3 1 3 1 1 1
1 1 1 1 1 1 1 1 1 1
73
---
73
1 1 1 1 1 1 1 1 1 1
1 1 1 1 1 1 1 1 1 1
1 1 3 1 1 1 3 1 1 1 1 1 5 1 5 1 1 3 1 3 1 1
1 5 1 1 1 1 1 1 1 1 1 1 1 1 1 1 1 1 1 1 1 1 1 1 1 1 1 1 1 1 1
1 1 5 1 5 1 5 1 5 1 1 3 1 5 1 3 1 1 1 3 1
1 1 1 1 1 1 1 1 1 1
1 1 1 1 1 1 1 1 1 1
73
1 1 1 1 1 1 1 1 1 1
1 1 1 1 1 1 1 1 1 1
1 1 3 1 3 1 1 5 1 1 3 1 1 1 3 1 1 1 1 1 5 1
1 1 1 1 1 1 1 1 1 1 1 1 1 5 1 1 1 1 1 1 1 1 1 1 1 1 1 1 1 1 1
1 3 1 1 1 3 1 5 1 1 5 1 5 1 5 1 5 1 1 3 1
1 1 1 1 1 1 1 1 1 1
1 1 1 1 1 1 1 1 1 1
73
1 1 1 1 1 1 1 1 1 1
1 1 1 1 1 1 1 1 1 1
1 1 1 1 5 1 3 1 1 1 3 1 3 1 1 5 1 1 3 1 1 1
1 1 1 1 1 1 1 1 1 1 1 1 1 1 1 1 1 1 1 1 1 1 1 1 1 5 1 1 1 1 1
1 5 1 1 3 1 5 1 3 1 1 1 3 1 5 1 1 5 1 5 1
1 1 1 1 1 1 1 1 1 1
1 1 1 1 1 1 1 1 1 1
73
1 1 1 1 1 1 1 1 1 1
1 1 1 1 1 1 1 1 1 1
1 3 1 1 1 1 1 1 1 5 1 3 1 1 1 3 1 3 1 1 5 1
1 1 1 1 1 5 1 1 1 1 1 1 1 1 1 1 1 1 1 1 1 1 1 1 1 1 1 1 1 1 1
1 5 1 5 1 1 5 1 1 3 1 5 1 3 1 1 1 3 1 5 1
1 1 1 1 1 1 1 1 1 1
1 1 1 1 1 1 1 1 1 1
73
1 1 1 1 1 1 1 1 1 1
1 1 1 1 1 1 1 1 1 1
1 3 1 1 5 1 1 3 1 3 1 1 1 1 1 1 1 5 1 3 1 1
1 1 1 1 1 1 1 1 1 1 1 1 1 1 1 1 1 5 1 1 1 1 1 1 1 1 1 1 1 1 1
1 1 3 1 5 1 3 1 1 5 1 5 1 1 5 1 1 3 1 5 1
1 1 1 1 1 1 1 1 1 1
1 1 1 1 1 1 1 1 1 1
73
1 1 1 1 1 1 1 1 1 1
1 1 1 1 1 1 1 1 1 1
1 5 1 3 1 1 1 1 1 3 1 1 5 1 1 3 1 3 1 1 1 1
1 1 1 1 1 1 1 1 1 1 1 1 1 1 1 1 1 1 1 1 1 1 1 1 1 1 1 1 1 5 1
1 1 3 1 5 1 5 1 1 3 1 5 1 3 1 1 5 1 5 1 1
1 1 1 1 1 1 1 1 1 1
1 1 1 1 1 1 1 1 1 1
73
1 1 1 1 1 1 1 1 1 1
1 1 1 1 1 1 1 1 1 1
1 1 1 1 3 1 5 1 3 1 1 1 1 1 3 1 1 5 1 1 3 1
1 1 1 5 1 1 1 1 1 1 1 1 1 1 1 1 1 1 1 1 1 1 1 1 1 1 1 1 1 1 1
1 5 1 1 5 1 1 3 1 5 1 5 1 1 3 1 5 1 3 1 1
1 1 1 1 1 1 1 1 1 1
1 1 1 1 1 1 1 1 1 1
73
1 1 1 1 1 1 1 1 1 1
1 1 1 1 1 1 1 1 1 1
1 5 1 1 3 1 3 1 1 1 1 1 3 1 5 1 3 1 1 1 1 1
1 1 1 1 1 1 1 1 1 1 1 1 1 1 1 5 1 1 1 1 1 1 1 1 1 1 1 1 1 1 1
1 5 1 3 1 1 1 3 1 5 1 1 5 1 1 3 1 5 1 5 1
1 1 1 1 1 1 1 1 1 1
1 1 1 1 1 1 1 1 1 1
73
1 1 1 1 1 1 1 1 1 1
1 1 1 1 1 1 1 1 1 1
1 3 1 1 1 1 1 5 1 5 1 1 3 1 3 1 1 1 1 1 3 1
1 1 1 1 1 1 1 1 1 1 1 1 1 1 1 1 1 1 1 1 1 1 1 1 1 1 1 5 1 1 1
1 5 1 5 1 1 3 1 5 1 3 1 1 1 3 1 5 1 1 5 1
1 1 1 1 1 1 1 1 1 1
1 1 1 1 1 1 1 1 1 1
73