# 0.00552
12 1 13
1 3 1
1 5 1
1 5 1
1 1 1 1
1 3 1
1 1 1 1
1 3 1
1 1 1 1
1 3 1
1 1 1 1
1 3 1
1 1 1 1
1 3 1
1 1 1 1
1 3 1
1 1 1 1
1 3 1
1 1 1 1 1
1 5 1
1 1 1 1 1
1 5 1
1 1 1 1 1
1 5 1
1 7 1
1 1 1 1 1 1
1 3 3 1
1 1 1 1 1 1
1 2 2 1
1 11 1
1 1 2 2 1 1
1 4 4 1
1 1 2 2 1 1
1 4 4 1
1 1 2 2 1 1
1 4 4 1
1 1 2 2 1 1
1 4 4 1
1 3 1 5 1 3 1
1 6 1 6 1
1 1 1 7 1 1 1
1 5 5 1
1 1 2 5 2 1 1
1 4 2 2 4 1
1 1 2 2 2 2 1 1
1 4 2 2 4 1
1 1 2 2 2 2 1 1
1 4 2 2 4 1
1 4 2 2 4 1
30
---
50
1 1
1 1
1 2
1 3
1 5
1 1 3 3
1 6 3 1
1 3 1 4 2
1 1 5 6 3
1 5 1 3 2 3 1
1 6 1 5 3 4 1
2 7 1 9 3 3 1
17 1 1 5 4 1 1 1 1
4 1 1 1 1 1 1 8 1 3 1 1
17 1 1 5 4 1 1 1 1
2 7 1 9 3 3 1
1 6 1 5 3 4 1
1 5 1 3 2 3 1
1 1 5 6 3
1 3 1 4 2
1 6 3 1
1 1 3 3
1 5
1 3
1 2
1 1
1 1
1 1
50