# 0.01055
50
1 3 3 1
1 5 1 1
1 6 1 1
1 5 1 1 1
1 5 3 1
1 5 3 1
1 5 5 1
1 5 7 1
1 5 7 1
1 5 7 1
1 5 5 1
1 5 3 1
1 7 1
1 9 1
1 11 1
1 13 1
1 15 1
1 17 1
1 13 5 1
1 12 5 1
1 12 5 1
1 11 5 1
1 1 9 5 1
1 3 7 5 1
1 5 5 5 1
1 5 3 5 1
1 5 2 2 5 1
1 5 4 6
1 5 5 5
1 5 5 2 1
1 5 5 1
1 5 5 1
1 4 5 1
1 3 5 1
1 5 1
1 5 1
1 5 1
1 5 1
1 5 1
1 5 1
1 5 1
1 5 1
1 5 1
1 5 1
1 5 1
6 1
5 1
4 1
50
---
50
1 4
1 5
1 6
1 5 1
1 5 1
1 5 1
1 5 1
1 3 5 1
1 4 5 1
1 5 5 1
1 5 5 1
1 5 5 1
1 5 5 1
1 5 5 1
1 5 5 1
1 5 5 1
1 5 5 1
1 3 5 1
1 2 1 5 1
1 4 5 1
1 6 4 1
1 8 2 1
1 2 10 1
1 4 12 1
1 6 13 1
1 8 12 1
1 10 12 1
6 16 1
5 14 1
4 12 1
1 3 10 1
2 1 8 1
2 1 7 1
2 1 3 5 1
1 3 5 5 1
1 7 5 1
1 7 5 1
1 7 5 1
1 5 5 1
1 3 5 1
1 5 1
1 5 1
1 5 1
1 5 1
1 5 1
1 5 1
1 4 1
1 2 1
50