# 0.00608
50
1 4 1
1 6 1
1 8 1
1 8 1
1 8 1
1 8 1
1 6 1
1 4 1
1 1
1 1 1 1
1 3 3 1
1 4 4 1
1 5 5 1
1 5 5 1
1 5 5 1
1 5 5 1
1 5 5 1
1 5 5 1
1 5 5 1
1 5 5 1
1 5 5 1
4 5 2 2 5 4
1 1 5 4 4 5 1 1
1 1 5 4 4 5 1 1
1 1 5 4 4 5 1 1
1 1 5 4 4 5 1 1
1 44 1
1 1 2 4 4 2 1 1
1 1 4 4 1 1
1 1 4 4 1 1
1 1 4 4 1 1
4 4 4 4
1 2 2 1
50
---
35
1 1 1 1
1 1 1 1
1 11 1
1 1 1
1 2 1
1 4 1
1 5 1
1 5 1
1 6 1
1 5 1 1
1 5 1 1
1 5 1 1
1 5 1 1
1 5 1 1
1 5 1 1
1 5 1 1
1 5 1 1
1 5 1 1
1 5 1 1
1 5 10 1
1 4 5 13
1 6 3 13
9 10 1
9 1 1
9 10 1
9 13
1 6 3 13
1 4 5 10 1
1 5 1 1
1 5 1 1
1 5 1 1
1 5 1 1
1 5 1 1
1 5 1 1
1 5 1 1
1 5 1 1
1 5 1 1
1 5 1 1
1 5 1 1
1 6 1
1 5 1
1 5 1
1 4 1
1 2 1
1 1 1
1 11 1
1 1 1 1
1 1 1 1
35