# 0.00632
50
1 4 4 1
1 6 6 1
1 8 8 1
1 8 8 1
1 8 8 1
1 8 8 1
1 6 6 1
1 4 4 1
1 1
15 26 1
16 28 1
17 29 1
1 8 2 12
1 1 8 2 1 11
1 3 8 2 3 10
1 5 8 2 5 9
1 7 8 2 7 8
1 4 4 8 2 4 4 7
1 4 4 8 2 4 4 6
1 4 4 8 2 4 4 5
1 4 4 8 6 4 4
5 4 7 4 4 3
3 2 1
1 2 2 1
1 2 2 1
1 2 2 1
1 2 2 1
1 2 2 1
50
---
30
1 3 2 1
1 3 4 1
1 3 3 2 1
1 3 4 2 1
1 4 3 4 2 1
1 6 3 4 3
9 3 4 2
9 3 4 1
9 3 4 1
9 4 4 1
1 6 5 4 1
1 4 6 4 1
1 7 4 1
1 8 4 1
1 8 3 1
1 8 2 1
1 8 1 1
1 8 1
1 2 8 1
1 4 7 1
1 5 6 1
1 3 2 5 1
1 3 2 4 1
1 3 2 3 1
1 3 2 2 1
1 3 2 1
1 3 2 1
1 3 2 1
1 3 2 1
1 3 3 1
1 3 5 1
1 3 4 2 1
1 4 3 4 2 1
1 6 3 4 2 1
9 3 4 3
9 3 4 2
9 3 4 1
9 4 4 1
1 6 5 4 1
1 4 6 4 1
1 7 4 1
1 8 4 1
1 9 3 1
1 10 2 1
1 11 1 1
1 11 1
1 11 1
1 10 1
30