# 0.00389
30
1 1
1 1
1 4 1
1 6 1
1 8 1
1 3 8 1
6 8 1
6 8 1
7 6 1
1 6 4 2 1
1 5 6 1
1 5 8 1
1 5 10 1
1 5 11 1
1 17 1
1 16 1
1 5 9 1
1 3 9 1
1 9 1
1 9 1
1 9 1
1 9 1
1 9 1
1 3 9 1
1 19 1
1 19 1
1 19 1
1 3 9 1
1 1
1 9 1
1 5 4 1
1 5 4 1
1 5 4 1
1 5 4 1
1 4 4 1
1 4 4 1
1 4 4 1
1 4 4 1
1 4 4 1
1 4 4 1
1 4 5 1
1 4 5 1
1 4 5 1
1 4 6
1 4 5
1 4 4
1 4 3
1 4 2
30
---
50
1 3 1
1 5 1
1 5 1
1 6 1
1 6 1
1 5 3 1
1 5 5 1
1 5 5 1
1 5 5 1
1 4 5 3 1
1 6 5 3 1
1 8 4 3 16
1 8 4 3 17
1 8 4 3 18
1 8 4 3 19
1 6 17 5 1
1 4 18 4 1
1 18 3 1
1 19 2 1
1 19 1 1
1 18 12 1
1 18 13 1
1 17 14 1
1 16 15 1
1 5 1
1 5 1
1 5 1
1 6
50