# 0.00564
60
1 4 1
1 6 1
1 8 1
1 10 1
1 10 1
1 10 3 1
1 10 5 1
1 8 7 1
17 6 9 1
12 5 4 11 1
1 5 5 13 1
1 5 5 15 1
1 5 5 17 1
1 5 5 19 1
1 5 5 5 13 1
1 5 5 5 13 1
1 5 5 5 13 1
1 5 5 5 13 1
1 5 10 13 1
1 5 8 13 1
1 5 6 13 1
1 5 4 14
1 5 2 13
60
---
25
1 2 1
1 2 1
1 2 1
1 2 1
1 2 1
1 2 1
1 2 1
1 3 1
1 4 1
1 5 1
1 6 1
1 1 5 1
1 2 5 1
1 3 5 1
1 4 5 1
1 5 5 1
1 5 5 1
1 5 5 1
1 5 5 1
1 5 6
1 5 5
1 5 4
1 5 3
1 5 2
1 5 1
1 4 6
1 6 6
1 8 5 1
11 5 1
11 5 1
11 5 1
11 5 1
1 8 5 1
1 6 5 1
1 4 5 1
1 5 1
1 6 1
1 7 1
1 9 1
1 11 1
1 12 1
1 13 1
1 13 1
1 13 1
1 13 1
1 13 1
1 14
1 13
1 12
1 11
1 10
1 9
1 8
1 7
1 6
1 5
1 4
1 3
25