# 0.00496
7
3 2 1 1 2 3
2 1 2 1 2 1 2
2 3 7 3 2
2 3 2 5 2 3 2
1 2 2 1 1 2 2 1
1 1 3 3 3 3 1 1
1 1 3 1 1 3 1 1
1 1 3 2 2 3 1 1
1 1 4 1 3 1 1
2 1 1 1 1 2
2 2 9 2 3
3 2 19 2 3
1 7 7 2
1 6 5 5 2
6 5 5 5
1 9 5 10 1
2 1 3 1 2
3 1 23 1 3
1 1 1 1 1 1 1 1 1
1 1 1 2 2 2 1 2 2 2 1 1 1
2 1 1 2 2 2 1 2 2 2 1 1 2
3 1 1 2 2 2 1 2 2 2 1 1 3
1 1 1 1 2 2 2 1 2 2 2 1 1 1 1
1 1 1 1 1 1 1
2 1 1 3 1 3 1 1 2
3 1 1 2 2 1 2 2 1 1 3
1 1 1 1 2 2 1 2 2 1 1 1 1
1 1 1 1 1 1 2 1 1 1 1 1 1
2 1 1 1 1 1 1 2 1 1 1 1 1 1 2
3 1 1 1 1 1 1 2 1 1 1 1 1 1 3
1 1 1 1 1 1 1 1 1 1 1 1 1 1 1 1 1
1 1 5 11 5 1 1
1 1 1 2 1 1 1
1 1 1 23 1 1 1
2 2 1 1 1 2 2
2 2 1 13 1 2 2
2 2 1 2 1 2 1 2 2
2 2 5 9 5 2 2
5 1 2 1 2 1 5
2 2 7 1 7 2 2
1 1 1 1 1 1 1
1 1 23 1 1
35
7 6
35
4 3
35
2 1
35
---
35
4 2 2 2 2 6 7
1 1 2 2 2 2 1 1 5 1
2 1 6 5 1
2 32 1 1
7 1 3 3 1 1
2 2 1 1 28 1 1
2 7 2 1 1 1 1 1 1 2 1 1 1
2 2 3 1 1 4 6 1 1 1 2 1 1 1
1 2 1 3 1 1 4 2 1 1 1 1 2 1 1 1
1 2 2 2 1 1 2 4 1 2 1 2 1 1 1
2 3 2 2 1 4 1 1 1 2 1 2 1 1 1
1 1 3 2 2 1 4 2 4 1 1 2 2 1 1 1
1 2 2 3 1 1 2 1 1 1 2 2 1 1 1
1 2 2 1 2 1 1 4 6 1 1 1 2 1 1 1
5 1 5 3 1 4 1 1 1 1 2 1 1 1
1 6 2 1 3 3 1 1 1 1 2 1 1 1
1 3 1 2 1 28 1 1 1
1 6 2 1 3 3 1 1 2 1 1 1
5 1 5 3 1 4 1 1 1 1 2 1 1 1
1 2 2 1 2 1 1 4 6 1 1 1 2 1 1 1
1 2 2 3 1 1 2 1 1 1 2 2 1 1 1
1 1 2 2 2 1 4 2 4 1 1 2 2 1 1 1
2 3 2 2 1 4 1 1 1 2 1 2 1 1 1
1 2 2 2 1 1 2 4 1 2 1 2 1 1 1
1 2 1 2 1 1 4 2 1 1 1 1 2 1 1 1
2 2 3 1 1 4 6 1 1 1 2 1 1 1
2 7 2 1 1 1 1 1 1 2 1 1 1
2 2 1 1 26 1 1 1
7 1 1 1 3 1 1
2 32 1 1
2 2 6 3 1 1
5 2 2 2 2 1 1 5 1
4 2 2 2 2 6 5 1
35