# 0.00399
30
1 5 1
1 3 3 1
1 3 4 3 1
1 6 3 1
1 8 4 1
1 8 5 1
1 8 3 1
1 8 3 1
1 6 8 1
1 4 11 1
1 14 1
1 14 1
1 12 1
1 10 1
1 10 1
1 9 1
1 9 1
1 9 1
1 9 1
1 9 1
1 9 1
1 9 1
1 9 1
1 9 1
1 9 1
1 9 1
1 9 1
1 9 1
1 4 4 1
1 4 4 1
1 4 4 1
1 4 4 1
1 4 4 1
1 4 4 1
1 4 4 1
1 4 4 1
1 4 4 1
1 4 4 1
1 4 4 1
1 4 4 1
1 4 4 1
1 4 4 1
1 4 4 1
1 4 4 1
1 4 4 1
1 4 4 1
1 3 4 1
1 2 2 1
30
---
50
1 1
1 4
1 1 7
1 2 8 1
4 4 10 1
3 6 3 12 1
2 8 11 12 1
2 8 28 1
11 25 1
1 9 22 1
1 1 6 20 1
1 1 4 18 10 1
1 1 39
1 1 39
1 1 37 1
1 1 4 15 1
1 2 4 1
1 1 3 1
1 1 3 1
1 2 4 1
1 1 3 1
1 1 3 1
1 1 3 1
1 2 3 1
1 4 1
1 4 1
1 2 1
1 1
50