# 0.00639
2 6 2
18 2 20
1 1 2 1 1
1 10 1 2 1 1
1 12 1 2 1 12 1
1 1 1 1 1 1 2 1 1 1 1 1 1
1 1 1 4 1 1 1 2 1 1 1 1 1 1
1 1 1 4 1 1 1 2 1 1 1 1 1 3
1 1 1 1 1 1 2 1 1 1 1 1 2
1 1 1 1 1 1 2 1 12 2
1 1 1 1 1 1 1 2 1 2
1 1 1 1 1 1 2 1 2
2 1 1 1 1 1 1 2 1 1 2
2 1 1 1 1 1 1 2 1 1 1 2 1 2
1 1 1 1 1 1 1 2 1 1 8 1 2
1 1 1 1 1 1 1 2 1 3 2 2 3 2
1 16 2 1 1 1 1 1 1 1 2
3 2 2 19
2 4 2 1 1 1 1 1 1 2
2 5 2
1 3 1
45
45
2 5 2
2 4 2 2
2 2 2 18
16 2 1 1
1 1 1 2 1 12 1
2 1 1 1 2 1 3 3 1
3 1 1 3 1 1 2 1 3 3 1
1 1 1 7 1 2 1 3 3 1
1 1 1 1 1 1 1 3 1 3 3 1
3 1 1 1 1 1 3 1 10 1
1 1 1 1 1 1 1 3 1 3 3 1 1
1 1 1 7 1 2 1 1 1
3 1 7 1 2 1 1 1 1 1
1 1 1 9 1 2 1 8 1 1
1 1 1 9 1 2 1 1 10 1 1 1
20 2 1 14 1 1
1 2 9 4 1 14 1 1
3 1 1 3 1 14 1 1
2 2 21
1 4 14 2
3 1 1 1
2
---
2 5 16
1 8 4 2 1 1 1 2
2 2 2 2 12
17 2 2 2
1 1 2 13
1 13 2 1 1
1 2 1 2 1 1
1 14 2 1 5
1 2 1 2 1 11
1 2 2 1 1 2 1 1 6
1 2 2 1 2 1 2 6
1 2 2 1 2 1 12
1 2 2 1 2 1 2 6
1 2 1 2 1 1 6
1 14 2 1 11
1 2 1 2 1 5
1 13 2 1 1
1 1 2 1 1
17 2 14
2 2 2 2 2
1 2 4 3 2
45
45
1 5 2
2 2 4 2
18 2 18
1 1 2 1 1
1 6 2 1 7
1 6 1 1 2 1 1 5
1 1 1 4 2 1 7 6
1 1 1 1 1 2 1 7 8
1 6 5 2 1 7 7
1 1 1 4 1 2 1 1 1 7
1 1 1 1 1 2 1 1 1 7
1 1 1 2 1 2 1 1 1 7
1 1 1 3 1 2 1 1 1 7
1 6 5 2 1 7 7
1 1 1 1 1 2 1 7 8
1 1 1 4 2 1 7 6
1 6 1 1 2 1 1 5
1 6 2 1 7
1 1 2 1 1
18 2 18
2 13 4 2
1 1 5 11