# 0.00434
32
11 20
11 17
10 14
7 1 12
7 10
1 6 9
8 4 2 8
15 2 3 7
14 1 2 7
13 9
12 7
12 6
11 6
15 1 6
12 2 5
11 6
9 5
12 2 5
11 2 1 2 4
14 2 1 6
10 4 2 2 4
12 4 10
8 7 2 6
8 3 3 2 5
7 5 8
6 4 1 4
7 3 1 3
7 2 3 3
8 1 10 3
10 8 3
16 2 3
15 2 3
21 9
12 14
11 11
7 11 11
7 8 14
7 7 1 8
8 1 3 9
8 2 2 5 1 7
9 2 4 1 8
13 1 8
13 8
12 9
13 10
15 1 11
17 13
---
48
6 41
48
48
48
48
26 21
4 19 7 9
5 15 9 7
4 9 5 11 6
3 9 3 1 1 1 8 8
1 6 2 1 1 1 1 1 4 4 7
2 4 1 1 2 1 3 5 2 3
2 3 1 1 2 1 1 3 5 2
2 2 1 2 3 1 3 3 3 2
3 5 7 1 2 1 1
3 3 11 1 1 2 1
3 2 5 2 1 1 2
4 5 2 2 2 2
4 2 2 1 2 2
5 1 1 2 2 1 1
5 1 1 1 2 5 2
6 2 1 2 2 4 2 3
7 2 1 1 2 1 5 2 4
8 1 1 2 2 1 7 7
12 1 1 1 1 17
15 1 2 2 2 16
19 1 4 15
27 15
48
48
48