# 0.00545
50
1 4 1
1 6 1
9 1
9 1
9 1
9 1
1 6 1
1 4 2 1
1 5
1 46
1 25 5
1 24 2 1
1 9 4 1
1 9 4 1
1 22 1
1 21 1
1 20 1
1 9 1
1 8 1
1 7 1
1 6 3 1
1 5 5 1
1 4 7 1
1 3 2 6 1
1 2 2 6 1
1 1 4 6 1
1 6 6 1
1 6 6 1
1 6 6 1
1 6 6 1
1 6 6 1
1 6 6 1
1 6 5 1
1 6 4 1
1 6 4 1
1 6 4 1
1 10 1
1 9 1
1 8 1
1 7 1
1 6 1
1 6 1
1 6 1
1 6 1
1 6 1
1 6 1
1 5 1
1 3 1
50
---
50
1 4 1
1 6 1
9 16 1
9 16 1
9 15 1 1
9 14 3 1
1 6 13 5 1
1 4 12 7 1
1 11 2 6 1
1 10 2 6 1
1 9 4 6 1
1 3 3 5 6 1
1 3 3 6 6 1
1 3 3 6 6 1
1 3 3 6 6 1
1 3 3 6 6 1
1 3 3 6 6 1
1 3 3 6 6 1
1 3 3 6 6 1
1 3 3 6 6 1
1 3 3 15 1
1 3 4 15 1
1 7 15 1
1 6 15 1
1 5 6 1
1 4 7
1 2 6
1 1 5
1 1 2 1
1 1 1
1 1 1
1 1 1
1 1 1
1 1 1
1 1 1
1 1 1
1 1 1
1 1 1
1 1 1
1 1 1
1 1 1
1 1 1
1 1 1
1 1 1
1 3 1
1 5 1
1 5 1
1 3 1
50