# 0.00411
1 1
5 5
1 1 1 1
1 1 1 1
1 1 12 1 13
1 2 12 1 14
1 1 8 3 1 9 3
19 19
12 12
15 16
1 1 5 1 1 6
1 1 6 1 1 7
1 1 1 1 1 1
3 1 3 3 1 3
2 1 1 1 2 2 1 1 1 2
2 3 1 3 2 3 1 3 2
9 1 9 1
4 4 4 4
3 3 2 3
1 1 1
---
7 1 2
1 1 2 1
1 1 2 2
1 1 1 1 1 1
7 7 1
1 1 3
1 1 1
6 1
6 1
13
1 6 1
6 1
6 1
6 3
12 1
2 5 1 1 1
8 2 2
8 2 1
8 2 2
1
1 1 1
1 2 2
7 1 1 1
1 1 7 1
1 1 1 3
1 1 1 1 1
7 1 1
6 1
13
6 1
1 6 1
6 1
6 3
12 1
8 1 1 1
2 5 2 2
8 2 1
8 2 2
8
1