# 0.00341
3 1 1 5
4 2 3 1 7
4 4 1 2 8
3 6 3 4 10
4 8 1 5 5 4 3
4 8 3 5 11 2
4 8 5 3 8 1
3 7 3 5 8 1
3 8 5 5 7 2
2 9 7 3 14
2 10 3 3 14
2 10 3 5 14
2 10 5 5 14
2 9 5 5 13
12 5 5 12
12 7 7 5 5
12 7 7 3 4
12 7 7 2 2
9 3 20 3 3
8 3 1 1 3 3
---
11
13
3 6
2 3 9
3 3 10
7 11
5 12
3 12
13
12
16
17
11 2
10
8
5 1
4 1
2 1 4
1 2 8
14
15
14
1 2 7
1 4
1
4
2 2 8
1 16
19
1 16
2 2 8
4
2 2
3 1
5 1
8
11
11
11
11 2
3 13
5 12
6 8
5 7
4 6
4 7
4 8
4 8 2
4 12
17