# 0.00929
5 10 12
4 10 1 11
3 13 12
2 14 12
2 5 22
1 5 1 21
1 7 19 2
7 18 1 1
28 2
28 2
31
12 11
11 10
10 9
9 8
8 7
8 2 6
7 2 5 6
7 2 4 2 6
6 6 2 6
6 2 2 5
5 1 2 5
4 1 3 3 1 5
4 1 1 5
1 3 5 2 4
1 2 2 2 2 5 4
1 1 2 2 2 2 4
2 4 7 6
2 2 6 3 3
2 1 2 1
3 1 1 1
4 2 3 1
4 3 7 1
5 12 1 1 1
6 1 1 2
7 1 4
9 1 4
10 1 4
3 8 1 4
2 1 9 4 4
3 32 5
3 33 6
45
45
45
---
7 21
5 18
3 9 5
2 7 1 3
1 6 5
11
10
9
9
8
7
7
6
6
17 5
20 5
23 5
20 2 5
19 5 5
19 2 2 5
17 2 2 5
4 11 2 2 5
4 1 7 1 1 5
5 8 3 1 1 1 5
13 8 1 1 5
12 1 1 2 1 1 5
11 1 2 1 1 5
11 1 1 1 1 1 5
11 2 1 2 1 5
11 1 1 1 1 5
11 1 1 1 2 5
1 9 2 1 1 2 5
1 7 1 1 1 1 6
1 9 1 1 3 1 6
12 2 1 4 2 9
13 3 2 2 2 1 6
14 8 6 4
15 3 1 3
16 2 3
20 2 4
24 2 5
7 37
6 1 19 10
7 20 11
28 12