# 0.02206
10 13
8 10
7 8
6 6
5 5
4 14 4
4 2 3 3
3 16 3 2
3 3 3 2 1
3 3 17 2 1
2 2 16 2 2
2 2 2 4 2 2
2 4 4 2 2
2 3 12 4 2 1
2 2 14 4 1 2
2 2 2 3 3 2 2
2 1 4 3 3 3 2 1
2 7 6 2 3 3
2 7 11 3 2
1 1 5 12 3 2
1 2 1 2 2 3 2 2
1 1 2 2 3 3 2 2
1 1 2 4 4 2 2
1 1 1 2 9
1 2 4 9
1 2 1 5 4 6
1 2 8 3 4 4
1 2 2 5 3 4 4
1 4 1 2 5 4
1 3 2 10
1 3 6 8 5
1 3 10 6 6
1 3 4 8
1 4 4 3 7 1
1 1 1 3 8 1
1 1 2 1 6 3
2 1 2 8 3
3 1 2 10 3
4 2 2 12 1
5 1 18
2 2 1 1 12
2 1 1 2 10
2 4 1 7 1
2 5 2 3
2 5 3 7
---
40
19 4
10 3
7 15 7
5 7 2 1 10 6
4 3 2 4 11
3 3 2 5 6 2 2
2 3 2 6 1 2 3 3 3
1 3 2 2 4 2 2 2 5
1 1 1 2 2 5 2 1 2 3
1 1 2 2 2 1 8
1 1 2 2 3 2 2
1 1 2 2 2 2 1 3
1 1 2 2 2 2 2 1 1 3
1 1 2 2 6 3 2 1 1 2
1 1 2 2 7 3 2 1 2 1
1 1 2 2 4 4 2 3 1
1 1 2 2 5 4 1 4
1 1 2 2 5 4 1 5
1 1 2 3 3 1 3 1 6
1 1 3 3 2 1 5 2 6
8 2 2 6 7
1 1 6 4 5 7
1 4 4 3 6 8
1 1 2 4 3 8 9
2 2 2 4 13 9
2 2 2 4 11 9
3 2 2 3 9 9
3 2 3 3 3 10 1
4 2 2 3 12 2
5 3 2 17 3
6 2 2 16 2
7 6 10 3 1
8 7 2 2 1
10 2 1 1 2 1