# 0.00848
1 1
1 1
3
1
3
1 1 1
2 1 1
2 3
2 1
2 3 3 3
16 3 3 11
1 2 1 1 2
1 2 1 1 2
1 7
1 13
1 3 2 1 2 3
1 3 2 1 2 3
1 3 2 1 2 3
1 3 1 1 1 3
1 29
1 1 1 1 1 1 1 1 1 1 1 1 1 1 1 1
1 3 3 1 3 1 3 1 3 3
1 1 2 1 3 1 3 1 3 1 2 1
1 1 1 3 1 3 1 3 1 3 1 1
1 5 5 5 5 5
1 1 1 1 1 1 1 1
1 3 3 3 3 3
1 5 5 5 5
1
1
1
1
1
1
1
1
1
1
1
1
---
2
2
2
2
31
1
1
1
1
1
1 8
1 2 1 1 1
1 10
1 1 1 1 1 2
1 2 3 2 1
1 1 1 3 1
1 2 3 2 1
1 1 1 1 1 2
1 2 8
3 1 3 1 1 2
1 2 1 2 3 2 1
2 5 1 3 1
2 3 3 2 1
3 4 2 3 1 1 1 2
3 3 14
3 4 2 3 1 1 1 2
2 3 3 2 1
2 5 1 3 1
1 2 1 2 3 2 1
3 1 3 1 1 2
1 2 8
1 1 1 1 1 2
1 2 3 2 1
1 1 1 3 1
1 2 3 2 1
1 1 1 1 1 2
1 10
1 2 1 1 1
1 8
1