# 0.00810
6 2
8 5 3
4 3 7 3
4 2 4 3
5 3 2 2 3
10 1 4 3
7 2 1 6 3
3 1 2 3 3 3 3
2 6 2 2 2 3 3
2 2 1 1 5 3
2 1 3 3
2 1 3
3 1 2
3 2 2
3 2 1 2
3 4 2 2
4 2 2 2 2 3
4 11 2 3
5 6 5 3 3
5 7 6 3 3
5 19 4
5 5 7 5
5 4 5 4
5 12 3 3
6 15 2 4
6 2 15 4
6 2 3 7 5
6 2 1 3 2 5
10 1 1 2 6
11 9 2 6
12 2 7
12 6 3 7
13 12
18 14
21 11 3
12 2 12 2
11 11
11 2 11
15 2 11
29
---
16
24
28
36
37
7 22
7 1 12
7 2 12
3 4 19
2 3 1 21
2 2 2 8 11
3 2 2 12 6 2
3 2 1 8 6 3 3
3 2 3 4 4 1 2 3
1 2 3 6 3 1 1 2 2
6 5 3 1 1 2 1
1 1 3 1 1 3 2
4 3 1 1 3 2
5 3 1 1 1 1
6 4 1 1 1 2
5 4 1 1 3
2 5 6 5
3 2 4 4 6
2 3 3 4 2 8
2 3 1 23
2 2 2 22
2 2 2 2 9
3 3 1 1 8
2 5 9
2 2 1 9
2 1 1 9
1 9
9
8
10
11 1
13 2
27 1
23 2
11 1 1