# 0.00531
3 19
3 19
3 1 5 19
3 2 5 19
3 2 1 3 2 1 1 1 1 1
3 1 1 5 2 1
3 4 2 2 3 12 2
3 3 1 4 2 2 4 2 1
3 2 1 3 2 2 2 1 1
3 1 2 1 3 3 3 1 1 2
3 1 2 1 1 1 2 3 2 1 1 1
3 2 2 1 3 2 7 2 1
3 2 3 1 4 3 12 2
3 2 1 3 5 2 1
3 2 5 1 3 2 1 1 1 1 1
3 2 5 5 19
3 2 2 2 5 9 7
3 2 5 3 1 9 1 7
3 2 5 5 2
3 2 5 5 3 1
3 3 5 1
3 3 2 4 1
3 18 3 4 1
3 18 4 2 1 1
3 18 2 1 1 1 1
3 18 3 2 2 1
2 18 2 1 1
1 18 4 3 1
0
1 12 3 1
10 1 4 18
1 6 1 1 18
1 2 6 3 2
2 2 4 11 1
2 1 13 13
2 4 1 13 15
1 4 1 1 11 13
4 1 12 11 1
1 14 2
2 31
---
26 5 2
27 4 1
28 1
1 3
1 1 3
1 1 3
9 6 2 3
11 6 4
6 4 4
13 6 4 1
7 6 6 8 1
3 4 3 6 7 2
2 1 7 6 4 6
5 7 6 1 6
6 6 2 6
5 7 6 1 6
2 3 2 5 6 3 6
4 13 6 2 6
8 6 2 6 1 6
18 6 1 6
6 1 7
28 1 7
28 11
4 1 1 1 3 9 5 3
4 3 3 1 2
5 7 4 2 3 1
4 7 3 2 5 1
4 1 4 3 6 2 5 1
5 1 2 4 7 2 5 1
4 2 3 3 4 1 1 2 5 1
4 2 3 1 1 2 1 2 5 1
4 2 2 1 1 2 1 2 5 1
4 3 1 1 1 4 1 2 5 1
5 1 2 1 4 5 1 2 5 1
4 1 1 3 2 1 1 2 5 1
4 2 2 3 6 2 5 1
5 7 4 2 5 1
4 3 2 3 1
4 1 1 1 3 3 1 2
18 9 5 3