# 0.00915
0
0
33
1 1 1
1 1 1 1 1
1 1 1 1 1 1 3 1 1 3 1
1 5 1 1 5 1 1
1 1 1 1 1 1 1 1 1 1 1
1 5 1 1 5 1 1
1 7 1 1 7 1 1
1 1 7 1 1 1 7 1 1
1 7 1 7 1
1 7 1 7 1
1 5 1 5 1
1 5 1 5 1 1
1 1 3 1 1 3 3 1
1 3 1 3 1 1
1 1 1 1 1 1 1 1
1 1 1 1 1 1
1 3 3 1 1
1 1 1 5 1 1
1 1 1 1 1 1
1 5 3 1
1 7 1 1
1 9 1 1
1 1 1 9 1 1 1
1 9 1 3 1
1 9 1 1 1
1 9 1 1
1 7 1 1
1 1 1 7 1 1
1 5 1 1
2 5 2
3 3 3
3 3 3
3 1 1 3
3 1 3
3 1 3
3 1 3
7
3
1
0
0
0
---
0
0
0
0
31
1 2
1 1 1 1 1 1 1 1
1 2
1 1
1 4 2
1 10 1
1 1 10 2
1 11 1 1 1 1
1 1 10 2
1 10 1
1 4 2
1 5 1
1 2 8 2
1 1 1 1 14 1
1 2 14 2
17 15 6
1 2 14 2
1 1 14 1
1 7 2 8 2
1 1 5 1
1 4 2
1 10 1
1 1 10 1 2
1 11 7 1
1 1 10 1 2
1 10 1
1 4 2
1 1 1 1 1
1 7 7 7 2
1 1 1 1 1
1 2
31
0
0
0