# 0.00532
8
11
15
18
22
24
9 16
3 10
2 10
2 9
2 9
1 10
2 9
1 9
1 9
1 3 6 8
9 10 9
11 9 8
10 1 2 6 8
5 3 5 8
3 2 1 3 5
2 3 10
6 1 3 5
6 3 6
6 5 3 6
6 6 4 6
8 1 12
9 12
10 5 10 1
3 6 8 12
10 1 1 13
11 6 14
2 9 4 13 1
13 11 4
13 17
4 10 19
5 28 5
2 5 29 1
11 15 2 9
40
---
13
14
4 6 4 2
11 10
4 13 4
2 1 4 15 3
33
3 24
4 4 13 2
3 5 12
4 5 9
5 4 6 1
5 3 7
6 2 1 5
6 2 1 2 4 5
7 2 2 2 4
6 3 2 2 4
6 2 2 2 4
7 2 2 2 4
7 3 1 1 1 4
7 4 2 4
7 3 1 5
7 5 5
6 6 6
5 5 7
6 5 8
6 3 9
7 3 8 1
8 1 15
9 16
12 17 1
35
18 14
16 14
13 1 13 3
25 6
30
29
2 12 3 4 2
20