# 0.00892
7 23
2 2 22
2 2 21
2 2 20
3 2 19
4 2 17
2 3 16
2 2 15
2 2 4 7
1 2 13 5
2 5 2 4
3 2 2 2 3
4 2 2 1 1 2
2 1 2 1 3 2
3 2 2 2 1 1
1 2 3 2 1
1 2 2 1
2 1 2 2
3 1 1
5 2 1
5 4 1
5 4 1
5 2 1
5 1
5 2 1
6 2 2
6 2 1
7 2 2
8 2 2
9 2 2
10 2 3
12 3
22
18
19
---
6 4 19
6 3 18
1 2 2 17
1 2 2 16
1 2 2 19
2 2 3 10
3 2 1 8
2 2 2 7
2 3 6
2 2 5
2 1 4
1 2 4
1 2 1 3
2 3 3
3 2 3
4 1 2 3
5 1 7 4 7 3
5 1 7 4 7 3
6 1 2 1 1
7 1 4 1
8 3 1 1
11 1 2
10 1 1
10 1 2
9 1 1
8 2 2
8 2 2
8 3 2
9 3 3
9 9
10
11
12
14
16