# 0.00419
30
1 2 1
1 4 1
1 4 1
1 4 3 1
1 4 5 1
1 4 8
1 4 8
1 2 4 8
1 4 4 5 1
1 2 4 4 3 1
1 4 4 4 1
1 4 11 1
1 4 10 1
1 4 8 1
1 4 1
1 1 4 1
1 3 3 1
1 4 3 1
1 4 3 1
1 4 3 1
1 4 3 1
1 4 3 1
1 4 3 1
2 4 3 1
1 4 3 1
1 3 3 1
4 3 1
1 1 3 1
1 3 1
2 1 1 1 1
30
---
32
1 1 1 2
1 4 1
1 4 1
1 4 1
1 4 1
1 4 1
1 4 1
1 1 4 1
1 3 4 1
1 4 4 1
1 1 1 4 4 1
4 3 4 2 2
5 4 4 1
1 4 4 16 1
1 4 4 17
1 4 4 14 1
1 4 3 1
1 4 3 2
1 4 3 1
1 7 1
1 6 1
1 3 5 1
1 5 4 1
1 7 2 1
1 7 1
1 7 1
1 5 1
1 3 1
32