# 0.00490
34
1 1
1 1
1 1
1 1
1 3 1
1 5 1
1 7 1
1 7 1
1 10 7 1
1 12 5 1
1 12 3 1
1 4 1
1 2 4 1
1 4 10 1
1 6 10 1
1 6 8 1
1 5 1
1 1 5 1
1 3 5 1
1 4 5 1
1 4 15 1
1 4 16
1 4 13 1
1 14 1
1 16 1 1
1 15 1 1
1 1 1
1 1 1
1 1 1
1 1 1
1 1 1
1 1 1
1 9 1
34
---
35
1 1
1 1
1 1 1
1 3 1
1 3 1
1 3 1
1 3 1
1 1 3 1
1 3 3 1
1 3 2 3 1
1 3 4 3 1
1 3 4 3 2
1 3 2 7 2
1 3 4 6 2
1 3 6 5 2
1 3 8 4 2
1 3 9 3 2
1 4 3 5 2 2
1 4 1 5 2
1 3 4 4 10
1 5 4 3 1
1 7 4 3 1
1 7 3 3 1
1 7 3 3 1
1 5 3 3 1
1 3 3 3 1
1 3 3 1
1 3 3 1
1 3 3 1
1 1 3 1
1 3 1
1 1 1
35