# 0.00499
32
1 1
1 4 1
1 6 1
1 8 1
1 8 1
1 8 1
1 8 1
1 6 1
1 8 4 1
1 10 1
1 12 1
1 4 5 1
1 3 3 7 2 1
8 9 5
6 11 4 1
6 8 4 4 1
1 3 8 7 1
1 8 5 1
1 8 3 1
1 8 1 1
1 1
1 9 1
1 10 1
1 11 1
1 3 4 1
1 3 4 1
1 3 3 1
1 10 3 1
12 3 1
1 9 3 1
1 3 1
1 3 1
1 3 1
32
---
35
1 3 1 1
1 5 3 1
1 5 3 1
1 5 3 1
1 3 3 1
1 3 3 1
1 4 3 1
1 4 3 1
1 4 3 9 1
1 3 4 9 1
1 3 5 8 1
1 3 6 3 1
1 3 7 3 1
1 3 8 3 1
1 12 3 1
1 12 3 1
1 4 8 4 1
1 6 6 4 1
1 8 4 11
1 8 4 10
1 8 4 9
1 8 4 1
1 6 4 1
1 4 4 1
1 4 1
1 4 1
1 4 1
1 4 1
1 3 1
1 1 1
35