# 0.00948
35
1 2 1
1 1 2 1
1 2 2 1
1 4 1 2 1
1 6 2 2 1
1 8 1 2 1
1 8 2 2 1
1 8 1 2 1
1 8 2 2 1
1 6 1 2 1
1 4 2 2 1
1 1 2 1
1 14 2 1 1
18 1 1
16 15 1
1 3 1 17 1
1 29 1
1 13 1 1
1 11 2 1 1
1 11 1 2 1
1 11 2 2 1
1 11 1 2 1
1 11 2 2 1
1 11 1 2 1
1 11 2 2 1
1 10 1 2 1
1 10 2 2 1
1 10 1 2 1
1 10 2 2 1
1 10 1 2 1
1 9 4 1
1 9 2 1
1 1
1 9 1
1 9 1
1 9 1
1 9 1
1 11 1
35
---
40
1 2 1
1 4 1
1 5 1
1 6 1
1 3 3 1
1 3 9 1
1 4 3 14 2
1 6 3 16 6
1 8 3 16 6
1 8 3 16 6
1 8 3 16 6
1 8 3 16 6
1 6 3 16 6
1 4 20 6
1 3 16 6
1 1 3 13 6
1 5 1 2
1 3 3 3 1
1 3 3 3 1
1 3 3 3 1
1 3 3 3 1
1 3 3 3 1
1 2 3 3 1
2 3 2 1
3 3 3 1
1 3 3 4 1
1 4 3 4 1
1 4 3 4 1
1 4 3 4 1
1 4 3 4 1
1 11 1
1 1 1
1 1
40