# 0.00840
1 4 1
1 3 1
1 1 1
1 1 1
11 1 1
1 1 1
12 1 1
8 1
9 1
3 11
5 28
5 28
4 1 26
3 2 20 1
2 2 15
1 1 1 10
2 2 6
2 1 3
2 1 3
2 1 3
3 1 1 2
3 1 2 2 2
3 2 2 2 5
3 1 2 1 9
3 1 14
4 4 11
13 6
11 1 1
11 1
11
10
10
10
10 1 6
11 21
---
1 1 25
1 1 5 19
1 1 4 1 15
1 1 3 1 10
1 1 2 4 9
1 1 1 2 2 9
1 1 1 9
1 1 4 2 10
1 1 8 10
5 1 8 2 13
3 7 1 2 5 1
11 1 1
10 4 2
10 1 2
9 2 2 1
9 2 1 2
1 9 2 4 1
2 9 5 1
15 3 1
2 7 3 1
6 3 1
15 3 1
5 2 1
4 2 1
4 2 1
4 2 1
4 3 1
4 2 1
3 2 1
3 2 2
3 3 2
3 2 2
3 2 2
2 3 2
2 1 3 2