# 0.01108
3 4
1 3 1 1 1
4 3 1 1
2 1 2 3 1 1 1
2 1 2 3 1 1 6 1
2 1 2 3 1 1 6 1
2 1 2 3 1 1 1 1 1
2 1 4 3 1 1 1 1 1
2 1 6 3 1 6 1
2 1 1 5 3 1 1 1 1
2 1 1 5 3 1 1 1
2 2 1 1 5 3 1 1 1
5 1 4 5 3 1 1
5 1 6 5 3 1 1
2 1 1 15 4 1
2 1 1 5 10
2 1 1 8 3 2
2 1 1 4 5 3 2
2 1 1 4 5 18 5
2 1 1 5 4 4 6 2 1
1 2 1 1 1 4 3 4 1 1 2 2
5 2 1 4 3 3 11 4 2 2
6 1 4 3 7 1 7 3 2
9 1 4 7 1 4 4 3
36 4 3 7
---
3 5
3 4
2 4
23
23
3 3
1 20 2
2 1 2
1 1 2
2 1 1
1 16 5
1 6 2 1 1
3 2 2 1 4
1 3 3 1 4
2 2 2 1 4
1 3 2 1 4
2 2 1 1 1 1
1 3 1 1 5
2 2 1 1 5
1 3 1 1 5
2 2 1 1 1 2
1 4 1 6
2 3 1 6
1 3 1 6
2 2 1 1 1 1
1 4 5 1
7 3 5 1
1 3 5 1
2 2 4 1
1 3 1 1
11 2 1 1
1 3 1 1
2 2 1 1
1 2 1 1
10 1 1 1
2 1 1 7
2 1 2 2
2 1 1 2 4
2 1 2 2 4
12 2 4
2 7
2 1 1
4 1
1 2 3
1 2 2
15 1 2
1 1 2
2 1 1
3 2 1
1 2 2
3 2
2 3
1 2 1
1 2 1
3 1