# 0.00544
30
1 1
1 3 1
1 5 1
1 7 1
1 7 1
1 7 1
1 5 1
1 3 1
1 6 1
1 9 1
1 12 1
1 8 4 1
1 9 4 1
1 9 4 1
1 11 4 1
1 16 1
1 16 1
1 3 12 1
1 3 9 1
1 11 1
1 9 3 1
1 7 5 1
1 5 7 1
1 4 11 1
1 2 10 1
1 2 5 5 1
1 2 5 5 1
1 2 5 5 1
1 2 5 5 1
1 2 5 6
1 2 5 6
1 2 5 5
1 2 5 5
1 2 5 4
1 5 5 4
1 4 3 3
1 3
1 2 2
30
---
40
1 1
1 2 1
1 2 1
1 2 2
1 3 2
1 4 1
1 4 1
1 4 1
1 4 1
1 4 1
1 8 1
1 10 1
1 3 13 1
1 5 7 4 1
1 7 14 1
1 7 13 4 1
1 7 13 6 1
1 5 12 9 1
1 3 13 11 1
1 12 14 1
1 3 8 4 9 1
1 4 5 7 7 1
1 6 4 9 5 1
1 10 11 2 1
1 8 10 1
1 6 10 1
1 3 10 1
1 10
40