# 0.00911
1
2
3
3
2
3
7 2 3
13
12
11
9
4 3
4
4 1
3 7
1 10
10
11
1 10 2
1 2 9 3
1 3 1 14 4
2 3 1 26
2 2 1 1 25
2 2 1 1 27
1 1 2 3 29
1 1 1 3 3 26
1 1 1 1 1 3 23
1 1 1 2 1 3 21
3 4 1 3 4
4 4 3 3 7
13 1 1 1 1 1 4 6
15 1 1 1 1 1 1 1 1 4 2 1 1
16 1 1 3 3 1 2 3 3 1 2 1 1
20 3 3 4 3 5 10
13 7 33
---
1 6
1 15
2 3 7
3 11
4 3 5
5 17
6 5 7
6 8
5 13
6 2 5
5 14
4 5 1 6
15 6
13 3
5 3 5
2 3
1 2
2 4
1 3 2
3 2 1 4
3 2 2 1
4 5
4 4 4
5 3 3
6 4 5
14 1
14 5
14 3
1 12 4
1 11 1
10 5
9 2
9 5
8 3
8 1
8 2
8 3
8 4
9 3 1
11 2
14
7 2 3
8 3
9 2
10 1
2 7 3
2 3 2 2
2 2 2
2 6
3 6
2 2
2 2
2 4
2 2
1 4