# 0.00471
4
3 35 3
2 35 13 2
2 2 5 13 3
2 34 2 3 2 1
2 34 12 1 1
2 34 12 1 1
2 34 12 1 1
2 34 12 1 2
2 34 17
2 35 3
3 3
1 3
5
3
5
1 2
7
5
3
3
7
11
2 4
15
---
12
12
2 1
1 9
10
2 7
2 7
2 7
2 7
2 7
2 7
2 7
2 7
2 7
2 7
2 7
2 7
2 7
2 7
2 7 2
2 7 2
2 7 1 1
2 7 1 1
2 7 2 2 1
2 7 2 1 2 2 1
2 8 3 6 1
2 12 6 1
2 12 6 1
2 7 2 4 2 1
2 7 2 2 1
2 7 3
2 7 3
10 2
10 2
10
10
10
2 1
1 7
8
2 5
2 5
2 5
2 5
2 5
2 5
2 5
8
8
8
2 1
2 7
1 2 2
3 3
8