# 0.00704
16 3 3 3 3 3 1
3 5 5 16 3 3 3 3 3 1
1 1 2 2 1 3 12 3 3 3 3 3 3 1
1 1 1 2 1 2 12 3 1 1 1 1
1 1 1 2 1 2 8 1 3 3 3 3 3 1
8 3 1 3 3 3 3 3 1
3 5 5 7 2 3 3 3 3 3 3 1
1 1 3 1 2 1 6 1 3 1 1 1 1
1 1 1 1 1 1 6 1 3 3 3 3 3 3 1
1 1 1 1 1 1 12 3 3 3 3 3 3 1
12 3 3 3 2 2 2 3 1
28 3 1 1 2 1 1
2 5 3 3 3 2 2 2 3 1
1 19 4 3 3 3 3 3 3 1
21 3 3 3 3 3 3 3 1
13 3 3 1 1 1 1
3 13 3 3 3 3 3 3 3 3 1
2 13 2 3 3 3 3 3 3 3 1
1 2 2 1 3 3 3 3 3 3 3 1
1 6 6 1 3 3 1 1 1 1
1 9 9 1 3 3 3 3 3 3 3 1
1 1 3 3 3 3 3 3 3 1
21 2 2 3 3 3 3 3 1
1 1
1 19 31
---
4 2 3 1
1 1 2 4
4 4 1 1 1 1
1 2 3 1 1 1
4 4 1 2 3 1 1 1
2 2 1 2 1 1 1
1 4 1 5 2 1 1
4 1 1 5 2 1 1
4 4 1 5 2 1 1
1 5 2 1 1
4 4 1 5 2 1 1
1 2 1 5 2 1 1
2 1 1 5 1 1
4 1 1 5 2 1 1
4 4 1 5 2 1 1
1 5 2 1 1
12 5 2 1 1
12 5 2 1 1
12 5 2 1 1
12 2 1 1 1
12 2 3 1 1 1
12 2 3 1 1 1
7 3 1 1 1
6 4 4
4 5 1
4 1 16
4 2 14 1
4 17 1
2 1
4 17 1
4 17 1
5 19
1
3 3 3 3 3 3 1
3 3 3 3 3 3 1
3 3 3 3 3 3 1
1 1 1 1 1 1
3 3 3 3 3 3 1
3 3 3 3 3 3 1
3 3 3 3 3 3 1
1 1 1 1 1 1
3 3 3 3 3 3 1
3 3 3 3 3 3 1
3 3 2 2 3 3 1
3 1
3 1
3 3 2 2 3 3 1
3 3 3 3 3 3 1
3 3 3 3 3 3 1
1 1 1 1 1 1
3 3 3 3 3 3 1
3 3 3 3 3 3 1
3 3 3 3 3 3 1
1 1 1 1 1 1
3 3 3 3 3 3 1