# 0.00666
30
1 2 1
1 2 1
1 2 1
1 2 1
1 2 1
1 2 4 1
1 2 6 1
1 2 8 1
1 2 8 1
1 2 8 1
1 2 8 1
1 2 6 1
1 2 4 1
1 2 1
1 2 4 4 1
1 2 7 5 1
1 2 7 5 1
11 5 1 1
10 5 2 1
1 7 5 3 1
1 10 5 1
1 7 6 1
1 4 7 1
1 1 9 1
1 9 1
1 9 1
1 10 1
1 9 1
1 9 1
1 10 1
1 8 1
1 6 2 1
1 4 4 1
1 4 1
1 4 4 1
1 4 4 1
1 4 4 1
1 4 5 1
1 4 4 1
1 4 5 1
1 5 4 1
1 4 6
1 4 5
30
---
45
1 2 1
1 4 1
1 6 1
1 4 3 1
1 4 3 1
1 4 5 1
1 4 5 1
1 4 7 1
1 4 7 1
4 4 3 4 1
2 6 3 3 1
1 8 3 5 1
1 8 2 5 1
1 8 2 5 4 1
1 8 5 8 1
1 6 5 12 4
1 4 5 13 10
1 4 14 10
1 3 15 10
1 2 15 7 1
1 12 1
1 8 6 1
1 5 8 1
1 1 11 1
1 13
1 7
1 5
1 3
45