# 0.02107
3
4
4
4
4
3
3
3
3 4
2 6
2 7
2 8
2 2 5
2 2 1 2
4 1 1
4 1 2 1
5 5 1
5 4 7
7 2 2
13 2
6 1 1
3 1 1
8 2
1 2 3 1
10 5 6
1 1
1 1
1 8 4 1
1 9 4 1
1 9 5 1
1 7 13 1
1 7 3 4 3 1
1 7 8 3 1
1 8 3 1
1 8 4 1
1 7 4 1
1 6 4 1
1 6 3 1
1 5 2 3 1
1 4 2 3 1
1 4 4 2 1
1 3 6 2 1
1 3 2 4 2 1
1 3 3 5 1 1
1 3 4 5 3
1 3 4 6 2
1 2 4 6 2
4 12 2
1 2 2 1
1 1 1 1
2 2 2 2
5 4
5 4
6 5
6 5
---
3 1 21 2
5 1 1 2
7 1 21 5
8 1 28
8 1 19 4
4 5 1 14 4
2 4 1 1 12 3
2 1 1 1 1 11 3
2 1 1 3 9 5
3 2 1 1 6 2 5
3 1 1 1 5 6
3 3 1 1 3 3 7
4 16 3 1 2 1
4 4 3 1 1 1 10
4 5 1 1 1 1 9
4 6 1 1 2 3 8
4 5 1 1 1 3 7
3 5 2 1 3 5
2 6 2 3 3
2 9 3 2
4 1 13 3 2
1 16 5
1 18 4
1 4 5
1 28