# 0.00921
2 9
6 13
6 4 4 6
3 12
3 4 4
3 2 3
5 2 2
7 2 2
2 4 2 2
2 4 2 2
2 3 2 2
1 3 4 3
1 2 10 2
2 2 7 4 2
3 6 2 2
3 3 1 2
5 2 1 2
3 2 3 2
2 2 6 2
2 2 7 1 2
2 2 7 1 2
2 7 1 3
2 4 5
2 2 7
2 2 8
4 2 8 3
2 5 2 7 6
3 5 7 9
5 7 13
8 3 18
---
2 6 4
2 4 3 4
2 3 3 3
2 2 11 2
3 2 11 2
3 3 2 2 1
5 1 3 1
3 2 2 1
3 2 2
3 2 2
2 2 2
3 3 2
2 20
2 19
2 2 2 2
2 2 2 3
2 2 2 2
2 2 2 2 1
2 2 2 2 1
3 2 1 2 1
2 2 2 2 1
3 2 2 2 1
3 2 2 2 2
10 1 2 2
10 2 2 2
3 2 2 2 2
2 2 2 3 3
2 2 2 2 3
2 2 2 2 3
2 12 4
3 2 4
2 3 4
3 13 5
19 5
7 5