# 0.00364
2
2 2
3 2 2
2 3
3 3
0
3
3
3 4
1 3 12
3 21
3 10 7
3 6 3
3 3
3 3
3 3
3 3
3 3
3 3
3 5 5 5 3
3 5 5 5 3
3 5 5 5 3
3 3
3 5 5 5 3
3 5 5 5 3
3 5 5 5 3
3 3
3 5 5 5 3
3 5 5 5 3
3 5 5 5 3
3 3
3 5 5 5 3
3 5 5 5 3
3 5 5 5 3
3 3
5 5
10 10
25
15
5
---
1 1 28
1 1 29
4 28
1 1 3
1 1 7 3 3 3 3 3
1 2 7 3 3 3 3 3
1 1 7 3 3 3 3 3
1 2 3 3 3 3 3 3
1 1 3 3 3 3 3 3
1 1 3 3
3 3 3 3 3 3
3 3 3 3 3 3
3 3 3 3 3 3
3 3 3 3 3 3
3 3 3 3 3 3
3 3
3 3 3 3 3 3
3 3 3 3 3 3
3 3 3 3 3 3
3 3 3 3 3 3
3 3 3 3 3 3
3 3
28
28
28