# 0.00507
1 8 3 3 1 26
1 1 3 1 1 1 1 1 4 25
6 1 1 1 1 2 4 24
1 1 1 2 1 1 1 3 2 25
1 4 3 3 2 2 26
50
1 8 3 3 1 3 2 1 1 2 11
1 1 3 1 1 1 1 1 4 2 1 1 1 1 1 11
6 1 1 1 1 2 4 1 2 1 1 1 11
1 1 1 2 1 1 1 3 2 2 1 1 1 1 2 11
1 4 3 3 2 2 3 1 1 1 2 11
50
2 1 1 2 5 3 3 5 2 1 1 2 2 2
1 1 1 1 1 3 1 1 1 1 1 5 1 1 1 1 1 1 1 1
2 1 1 1 2 1 1 1 1 2 3 1 2 1 1 1 2 2
1 1 1 1 2 1 2 1 1 1 3 1 2 1 1 1 1 2 5
1 1 1 2 1 3 3 2 2 3 1 1 1 2 2 2
50
46
46
---
1 3 2 1
3 1 3 1 1 3
1 1 3 1 3 1 1
18
1 1 3 1 2 3
16 3
3 4 1 3
2 4 10
1 4 3 3
13 6
1 3 5
3 1 3 1 3
1 3 10
15 3
1 3 4 4
3 1 3 2 5
1 3 10
12 3
1 2 2 2 1 3 3
1 1 1 1 1 2 4
2 2 2 10
13 4
3 1 3 1 3 3
1 1 1 2 4
1 3 10
2 5 4 2 3
12 1 1 3
6 1 2 4
6 1 11
7 1 4 3
14 4
6 2 5
10 9
6 1 3
12 1 5
6 2 1 3
7 12
8 3 3
6 5 3
12 3
20
12 3
13 6
14 5
12 3
20
13 6
12 1 3
13 6
20