# 0.00756
40
4 1
1 3 1
1 3 3 1
1 3 5 1
1 3 5 1
1 3 5 1
1 3 3 1
1 3 1
1 3 4 1
1 3 6 1
1 1 9 1
1 3 7 1
1 3 8 1
1 1 8 1
1 3 10 1
1 4 13 1
1 6 3 7 3 1
1 10 7 3 1
9 4 2 7 4
1 1 4 7 1
1 1 3 7 1
1 10 7 1
1 1 2 7 1
1 1 2 7 1
1 7 7 1
1 1 3 1
1 1 3 1
1 8 3 1
1 1 3 1
1 1 3 1
1 8 1
1 1 1
1 1 1
1 8 1
1 1 1
1 1 1
1 9
1 1 1
40
---
40
2 1 1
2 1 1
3 1 1
1 1 1 1
1 2 1 1
1 1 1 1 1
1 2 4 1
1 1 1 1 1
1 2 1 1
1 1 1 1
1 2 1 1 1 1
1 1 2 4 1
1 2 2 6 1 1 1
1 1 15 1
1 2 2 11 1
1 1 6 4 1
1 2 2 1 1 1
1 1 2 1 1
1 2 3 1 1
1 1 3 1 1
1 2 3 1 1 1
1 1 4 4 1
1 3 16 1 1 1
1 5 17 1 1
1 5 23 1
1 5 23 1 1
1 3 26 1
1 16 1 1 1
1 15 1 1
1 2 1 1
1 1 1 1 1
1 2 4 1
1 1 1 1 1
1 2 1 1
1 1 1 1
1 2 1 1
1 1 3
1 1 1 1
40