# 0.00436
3 2
4 2
3 2
4 3
4 4
4 5
5 4
6 1 4
5 1 5
5 1 5 2
5 6 2 6 3
4 11 12
4 5 4 4 5 1
5 8 9 2
5 5 9 1
5 4 8 2
6 3 10
6 2 8
7 2 3 4
6 10
7 11
8 11
8 13
8 1 6
8 2 4 9
7 3 4 10
8 1 7 10
8 2 2 11
8 3 13
9 20
10 18
11 19
13 17
14 18
35
---
14 14
18 15
34
35
2 5 22
1 1 19
2 18
3 7 9
4 1 6
4 2 5
7 4
2 3 3 3
6 3 2 3
4 1 3 1 2
4 1 2 1 2 1
4 2 3 3 1 1
5 5 4 1 1 1
4 4 3 2
3 4 3 6
6 5 1 7
12 2 8
1 2 25
12 5 16
34
32
16 13
11 12
2 2 11
2 2 11
2 3 10
5 9
1 7
6
6
5