# 0.00480
45
1 1 1
1 3 3 1 1 1 3 1
1 1 1 1 1 2 2 1 4 1
1 1 1 1 1 1 1 1 4 1
1 3 3 3 3 1 2 4 1
1 1 3 1
1 1 1 1 1 1 1 1
1 2 2 2 2 1 5 1 6 1
1 1 1 1 1 1 16 1
1 3 3 3 3 1 17 1
1 1 17 1
1 15 1 17 1
1 1 1 17 1
1 1 18 1
1 3 1 20 1
1 2 2 1 20 1
1 1 1 1 19 1
1 2 1 18 1
1 2 1 17 1
1 1 1 7 7 1
1 1 5 5 1
1 1 1 1
1 1 1
45
---
25
1 1
1 4 1 1 1 1
1 1 1 4 1 1
1 4 1 1 1
1 1 1
1 4 1 1 1 1
1 1 1 4 1 2 1
1 4 1 1 2 1
1 2 1 2 1 1
1 1 1 1 1 1 2 2 1
1 4 4 1 3 1
1 1 1 1 1
1 1 1
1 1 1 1 1 1 1
1 4 4 1 1
1 1 1 1 1
1 1
1 1
25
1 1
1 1
1 6 1
1 9 1
1 11 1
1 13 1
1 14 1
1 14 1
1 14 1
1 1 14 1
1 2 13 1
1 15 1
1 2 11 1
1 2 13 1
1 3 14 1
1 4 14 1
1 3 14 1
1 2 14 1
1 14 1
1 2 7 1
1 5 1
1 3 1
1 1
1 1
25