# 0.00473
24
4 1 22
6 1 12 9
4 2 1 11 9
3 2 1 8 7
3 2 1 6 6
3 2 1 5 5
4 2 2 1 1 4 4
4 3 2 1 2 4 1 1 1 1 1 4
3 3 2 1 7 4
3 2 2 1 4 1
2 9 1 4 1 1 1 1 1 1 1 1 1
2 10 1 4 1 1 1 1 1 1 1 1 1
2 3 2 1 4 1
2 3 2 1 4 5 1
3 3 2 1 4 1 1 1
8 2 2 1 1
8 5 24
6 4
2 2 2 2 2 2 2 2
---
8
10
3 4
3 3
2 3
2 3
1 5
6
8
9
7 2
5 2
4 2
3 2
2 2
17
17
2
3
3
0
16 1 1
1 1 1
3 9 1
4 8 1 1
5 7 1 1
16 1
10 1 1
10 2 1 1
10 1
7 2 1 1
6 1 1 1
5 2 1
4 1 4 1
4 2 1 1 1
2 1 1 1
4 2 1 1 1
4 1 4 1
5 2 1
6 1 1 1
7 2 1 1
10 1
10 2 1 1
10 1 1
16 1