# 0.00313
2 3 2 3
1 3 1 1 1 1 1 1
1 2 1 1 2 1 1 2 1 1
1 1 1 1 1 1 1 1 1 1
1 2 1 3 2 3 2 3
1 1 1 1 1
1 2 1 3 5 5
1 1 1 1
5 1 1 1 1
5 1 1 1 1 1 1
1 1 1 1 5 5
1 1 1 1 1 1 1 1
1 1 5 1 1 1 1
5 1 1 1 1 5
1 1 1 1 5 1 1 1
5 1 1 1 1 1 1 1
1 1 1 5 1 1
1 1 1 1 1 1 3 5
1 1 3 1 1
3 3 5 1 1
1 1 5 5 1 1
1 1 5 5 1 1
1 1 5 5 1 1
1 1 1 1 1 1 1 1
2 2 2 2 2 2 1 1
---
5 5 3 1
1 1 1 6
1 1 1 1 7
5 1 1 1 6
5 3 1
0
6 7 2 3 1
1 1 1 6
6 1 11
1 1 1 1 1 1 6
1 3 7 2 3 1
0
1 1 1 7 2 4 1
5 1 1 1 8
1 13
5 1 1 1 8
1 1 7 2 4 1
5
5 3 8
1 1 1 1 1 1 1
5 1 8
1 1 1 1
5 5 3 8
1 1
5