# 0.00537
45
1 1
1 1 3 2 1
1 3 6 4 2 3 1 1
1 4 6 5 5 1 7 1
45
1 4 6 5 5 1 7 1
1 1
1 4 1
1 2 3 2 1 1
1 3 2 2 1
1 2 2 2 1 1
1 2 3 3 2 2 1
1 3 4 4 2 1 1
1 4 7 2 2 1 1
1 5 5 4 4 1
1 3 3 2 1 1 10
1 3 5 2 10
1 3 1 1 19
1 1 4 2 19
1 1 1 31
1 2 31
1 43
1 43
45
---
25
1 1 1
1 3 3
1 4 1 3
1 4 3 1 3
1 4 8 3
1 1 1 4 4
1 4 12
1 4 5 3
1 4 5 3
1 5 1 3
1 4 1 1 3
1 4 2 1 2 3
1 1 7 3
1 1 2 5 6
1 1 1 13
1 5 1 5 5
1 5 2 1 5
1 5 1 1 5
1 4 2 5
1 3 5
1 1 5
1 1 5
1 3 5
1 3 2 1 5
1 4 5 1 5
1 4 14
1 3 4 7
1 1 1 7
1 1 2 7
1 1 7
1 5 7
1 2 1 7
1 1 1 7
1 1 7
1 1 9
1 3 9
1 3 1 9
1 3 14
1 3 12
1 4 10
1 3 13
1 3 1 1 9
1 1 9
25