# 0.00647
45
1 1
1 1
1 4 2 1
1 2 5 3 4 1
1 11 3 3 5
1 4 2 2 6
1 5 1 5 7
1 1 1 8
1 9
1 8 10
1 3 3 11
1 8 12
1 2 4 13
1 8 14
1 5 1 15
1 1 5 16
1 25
1 4 19
1 16 1 2
1 1 13 1 2
1 25
1 2 12 1 2
1 5 9 1 2
45
---
25
1 1
1 1
1 1
1 1
1 1 1
1 2 1
1 2 1
1 1 1
1 3 1
1 4 1
1 5 1
1 5 1
1 3 1 1
1 1 1 1 1
1 1 1
1 1
1 1
1 1
1 1
1 15
1 3 6 3 4
1 2 3 2 3 1 2
1 1 1 1 8 2
1 2 2 1 6 6
1 1 1 5 2 4 1
1 2 1 5 7 1
1 1 2 15
1 3 8
1 1 9
1 2 10
1 1 11
1 1 12
1 1 13
1 14
1 15
1 10 1 1
1 11 1 1
1 12 1 1
1 19
1 14 1 1
1 14 1 1
1 14 1 1
1 20
25