# 0.00446
45
23 1 1 1
2 16 3 9
3 11 4 1 1 1
2 2 2 4 1 1 1
2 14 5 1 1 1
3 13 5 3 9
3 5 1 6 4 5 1
2 4 5 4 4 2 2 2 1
2 15 4 2 5 1
2 3 7 3 4 2 3 3 1
2 15 4 2 2 2 2 1
2 4 5 4 4 3 1 2 5 1
2 6 1 6 4 2 1 2 3 1
2 15 4 4 3 1
2 15 4 1 1 3 1
2 3 3 4 11 2 1
2 15 4 1 1 1
2 3 1 2 9 9
3 13 5 11 1
3 5 6 5 1 1 1
2 2 7 2 4 1 1 1
2 2 2 4 1 1 1
1 17 3 7 1
45
---
25
23 1
2 1 2 2 2
3 2 11 1 2
3 18 2
4 16 3
4 5 5 1 2 3
4 3 3 3 1 3 2
4 11 1 3 2
4 2 5 2 1 1 1 2
4 11 1 1 1 2
4 2 5 2 5 2
4 11 1 3 2
4 3 3 3 1 3 2
4 5 5 1 2 3
4 16 3
3 18 2
3 1 11 1 2
3 2 3 2
2 20 1
25
25
25
1 1 1
1 1 1
1 1 1
1 2 4 1
1 3 1 2 1
1 2 3 1 1 4
1 3 1 1 1 2
1 7 1 2
1 3 1 1 1 1 2
1 5 2 1 1 2
1 2 2 2 1 1 2
1 5 1 1 1 4
1 3 2 3 2 1
7 5 4 1
1 1 1 1 2 1 1 1
1 1 1 4 2 1 1
1 1 1 2 2 1 1
7 1 1
1 1 1 1 1
1 1 1 1 1
1 1 1 1 1
25