# 0.01325
1
0
1 1 1 1 1 1 1 1 1 1 1
5 7 7 1 1 1
1 11 2 2 13
3 1 1 1 1 7 1 1 1 1
1 3 3 3 1 1 3 3 3 1
1 1 1 3 3 1 1 7 1 1 3 3 1 1
1 1 1 2 2 1 1 1
1 1 1 1 1 1 1 1 1 1 1 1 1 1 1 1
1 1 1 2 2 1 1 1
1 1 1 2 2 1 1 3
1 1 1 2 2 1 1 3
1 1 1 7 1 1 3
3 1 1 2 1 2 1 1 3
3 1 1 1 1 1 1 1 3
20 1 1 14 2
5 4 6 1 1 4 3 6
3 3 4 1 1 1 2 3 8
10 2 1 1 3 5 3
16 1 1 7 5
8 4 1 1 4 7
6 6 1 1 9
4 7 1 1 6 3
12 1 1 10
---
1 5 5
1 5 5
17 5
1 2 6
2 1 1 2 4 1
1 1 5 1
15 4 2
1 1 6 2
1 2 1 2 2 3
1 1 2 2 3
1 2 1 2 2 3
1 1 1 7
1 2 1 1 6
1 1 3 3 1
1 2 1 3 2 1
3 1 2 2 1
15 1 1
2 3 1
1 1 1 2 1
2 1 1
6 6 1
4 8 1
1 1 1 1
1 1 2
1 1 1 1
4 8 1
6 6 1
2 1 1
1 1 1 2 1
2 3 1
17 1
3 1 2 2 1
1 2 1 1 4 1
1 1 1 1 3 1
1 2 1 3 4
1 1 2 6
1 2 1 2 2 3
1 1 1 3 3
5 1 1 2 4
1 1 4 4
2 13 3 1
1 1 2 3 1
13 5 2
1 4 6 2
4 6 2