# 0.00866
38 6
30 14
23 21
37 7
6 19 12
5 12 19
4 22 5 2
3 17 12
3 12 12 4
3 3 1 3 3 11 7
3 1 1 1 1 1 7 6 6
3 2 1 3 10 2 4
3 1 1 1 1 13 2 2
3 1 2 1 1 13 5
3 30
1 1
1 1
1 1 7
1 1 2 2
2 2 2 2
1 1 2 2
1 1 1 3 3 1
16 1 1
2 3 3 2
1 2 2 1
---
15
15 4
20 1
7 1
6 5 1
5 1 1 1
4 2 2 1
4 1 1
4 1
4 5 1
4 1
4 5 1
5 1 1 1
6 3 1
7 1
20 1
15 4
15
9 5
15
15
15
10 4
2 12 2
15 4
5 5 3 2
15 2
8 6 2 1 2
11 1 1 1 2
10 1 1 1 1
1 7 1 1
4 4 1 1
7 1 1 1 1 2
9 1 2 1 2
9 1 2 1 1
9 1 2
6 2 1 4
3 5 1 2
9 1
11 1
8 6
15
6 5 2
15
4 6 3