# 0.00690
40
1 1 1
1 3 4 1
1 5 1
1 1 7 6 1
1 3 1 1 6 1
2 3 3 6 1 1
3 3 5 5 3 2
2 3 7 5 7
1 3 9 4 8
4 11 6 5
1 1 13 4 1 4
2 1 14 2 3 1 1
1 18 5 2
8 1 5 1 2 1 2 1 11
31 1
8 1 5 1 11 1
4 21 1
3 15 1
1 1
1 1 1 1 1
1 1 10
1 1 4 1 1 1
1 1 4 1 1 1 1
1 1 4 1 10
1 1 1 1 1 4 1 4 1 1 1
19 1 4 1 1
1 1 1 1 1 1 4 1 1
1 1 1 1 1 4 1 1 1
19 1 1
1 1 1 1 1 1 1 1
1 1 1 1 1 1
1 3 4 1
1 2 4 4 2
1 1 3 1 8
1 1 1 1 1 4 2 1 8
1 2 3 1 4 3 2 3
1 1 3 6 1 1 2 3
1 5 4 1
40
---
40
1 3 1 1 5 1 1 1
1 1 1 3 6 1 1 1
1 2 3 6 6 1
1 1 3 4 1 1 1
1 3 6 1 1 1
1 3 7 1 1 1
1 1 10 6 1
1 6 1 2 1 1 2 1
1 12 1 1 4
1 8 1 2 1 1 2
1 14 6 2
1 13 1 1 5
1 12 1 1 4
1 11 1 1 3 1
1 1 10 6 1
1 2 4 1 2 1 1 1
1 3 8 1 1 1
5 2 1 2 7 1 1
1 3 6 1 1 5 1
1 2 5 1 1 1 1
1 1 4 8 7
1 4 1 1 9
1 3 1 1 8
1 4 7 3 5
1 3 4 1 1 1
1 1 5 3 1 1 1
1 1 6 4 8 1 1
1 1 7 2 1 1 4 1
1 1 8 3 1 1 1 1
1 9 2 7 3 1
1 3 1 1 1 2 1
1 3 2 1 1 7 1
1 3 3 6 6 1
1 3 4 1 1 5 1
1 5 3 1 1 2 1
1 5 2 6 2 1
1 5 1 1 1 4 1
1 5 2 1 1 5 1
40