# 0.01653
1
6 1
8 1 1
10 1 2
11 1 2
13 1 2
14 1 2
8 6 1 2
6 2 5 1 2
5 4 1 4
4 1 1 3 1 2 2 2
3 3 7 1 1 1
4 1 3 1 1 3 2
4 1 3 1 1 2 1
4 3 3 1 2 2
4 4 1 1 1
4 8 4 1 1 2
7 3 2 1 2 3
6 4 2 1 5
3 1 3 3 1 3
3 2 1 1 2 1 4
3 2 1 1 3 1 4
2 2 1 2 1 4
1 3 2 2 1 3
1 1 2 3 2 1 2
---
0
6
6
10
10
13 5
19
8 2 2
8 2 1
8 1 1
8 1 1
7 2 1
8 1 1
6 1 1 1
7 5 1
7 1 2 1
7 1 2 2
6 1 8
12 2
10 4
7
5
5
6
4
0
0
0
0
25
0
0
0
0
0
0
5
2 4
1 1 2
2 3 1
13
4 7
2 7
2 1 1 6
2 1 2 5