# 0.00635
45
1 1
1 1 1 1
1 3 2 2 4 1
1 2 1 1 1 3 1 1
1 3 6 2 1 1 1
1 10 2 2 1
1 13 1 2 1
1 2 7 1 2 1 1 1
1 6 2 2 1 1 4 1
1 2 2 2 1 2 3 7 1
1 1 2 1 12 1
1 3 2 6 8
1 1 2 1 7 7
1 2 8 6
1 1 14 8
1 3 4 7 14
1 1 5 1 9 13
1 3 1 1 6 12
1 5 5 9 7 6
1 1 10 3 12 5
1 7 11 10 4
10 9 11 6
9 10 20
11 33
---
25
1 3
1 3
1 1 3
1 2 4
1 8
1 2 4
1 1 4
1 5
1 3 1
1 2 1
1 1 1
1 2 3 1
1 8 1
1 2 6
1 1 1 6
1 1 2 2 7
1 2 1 2 2 5
1 1 3 2 1 4
1 2 8 1 4
1 1 8 2 4
1 7 2 1 6
1 6 2 5 2
1 6 1 2 6 2
1 2 5 1 5 1
1 3 2 6 2
1 6 8 2
1 1 2 2 11
1 4 1 5 6
1 1 2 4 6
1 2 4 5
1 3 7 6
1 1 12 6
1 2 14
1 1 7 10
1 1 2 3 10
1 4 3 5 3
1 4 5 3
1 5 4 2
1 11 3
1 11 3
1 14
1 14
1 13
25