# 0.00861
3 3
45
1 1
1 1
1 13 2 8 2 1
1 13 2 4 2 1
1 2 2 3 2 3 1
1 1 1 2 2 2 1
1 2 2 2 1
1 2 2 2 1
1 1 1 3 2 3 1
1 2 2 3 2 3 1
1 9 3 2 3 1
1 2 2 8 1
1 1 1 2 1
1 2 1
1 2 1
1 1 1 2 1
1 2 2 2 1
1 13 4 1
1 13 8 1
1 1
1 1
45
3 3
---
2 2
25
2 2
1 1
1 4 4 1
1 3 3 1
1 2 5 2 1
1 2 3 2 1
1 2 1 2 1
1 2 1 2 1
1 2 1 2 1
1 2 1 2 1
1 2 1 2 1
1 2 3 2 1
1 2 5 2 1
1 3 3 1
1 4 4 1
1 1
1 1
1 1
1 1
1 1
1 1
1 1 1
1 3 1
1 6 1
1 6 1
1 3 1
1 1 3 1 1
1 1 2 1 1
1 2 1 2 1
1 17 1
1 17 1
1 2 1 2 1
1 1 2 1 1
1 1 3 1 1
1 3 1
1 6 1
1 6 1
1 3 1
1 1 1
1 1
2 2
25
2 2