# 0.00765
20 11 12
20 10 1 11
2 11 7 1 1 8
2 5 2 2 3 2 1 1 2 4
2 5 2 5 2 2 1 1 1 1 3
2 5 3 2 2 3
2 5 4 3 2 1 7 2
2 5 4 3 2 1 13 2
2 4 3 2 1 15 2
2 4 2 2 17 3
3 3 5 1 2 2 2 2 2 3
3 3 1 4 2 1 6 4 1 3
3 3 1 4 1 3 2 3 2
1 5 5 1 1 3 1 2 1 3 2
1 1 5 2 1 1 9 7 2
1 1 2 1 1 9 7 2
1 5 2 1 1 8 6 2
1 5 4 5 1 2 7 6 2
1 5 4 5 1 3 15 4
1 4 1 3 8 3 4
1 4 1 3 4 4 4
6 5 7 4 12 5
6 7 5 10 5
6 7 6 8 6
20 7 7
---
25
13 4
2 3 5 4
2 5 3 4
2 5 4 3 4
2 5 4 3 4
2 5 4 3 1
2 5 1 1 1
2 1 1 5 1
5 5 5 1
5 5 2 5 1
3 5 2 5 1
3 1 5 2 1
3 1 2 2 4
3 5 5 2 4
3 5 2 4
3 5 2 5 4
3 2 5 4
13 4
25
0
25
6 3 8
4 7
3 1 7 4
4 3 7 3
5 3 9 2
3 3 1 8 1
2 1 3 1 10
3 4 1 10
2 4 1 6 3
1 14 3
1 11 2 3
1 4 2 3
2 4 1 5 3
3 4 1 6 4
2 1 3 1 10
3 3 1 9
5 3 10 1
4 3 7 2
3 1 7 4
4 7
6 3 7
25
25