# 0.00578
32 1 8
32 1 8
2 1 3 2 2 2
2 2 3 2 2 2
2 1 3 7 2
2 1 2 3 9 2
2 2 5 7 3 5 5 2
2 1 7 6 1 3 2 2 2 2 2
2 1 4 1 4 1 3 2 2 2 2 2
2 1 1 1 3 5 2 2
2 1 1 1 3 4 2 2
2 1 1 1 3 6 2
2 2 1 1 3 7 2
2 3 4 1 3 2 5 2
2 2 7 2 3 2 2 5 2
2 1 2 2 1 3 2 2 2 2 2
2 2 5 2 3 5 2 2 2
2 1 3 4 5 2
2 2 3 1 3 8 2
2 2 2 3 6 2
2 2 2 3 2 2 2
2 2 2 3 2 2 2
2 6 3 2 2 2
32 1 8
32 1 8
---
25
25
2 2
2 9 2
2 1 3 2
2 1 3 2 2
2 3 1 2 2
2 3 2 2 2
2 3 2 2 2
2 3 1 1 4
2 2 3 1 1 3
2 5 2 1 1 3
2 2 1 1 3
2 1 2 1 3
2 3 2 4
2 3 2 2 2
2 3 1 2 2
2 3 2 2 2
4 2 3 2
2 4 2
2 7 2
2 2
25
25
25
2 2
2 2
2 2
2 2
2 4 3 2
2 6 4 2
2 3 3 3 2
21
21
2 2 2 2 2
21
21
2 3 3 3 2
2 4 7 2
2 3 5 2
2 2
2 2
2 2
25
25