# 0.00346
1
2 2
2 3
2 4
2 5
35 3
35 3
2 3
35 3
35 3
3 5
3 4
3 3
2 2
2
2
1 33
1 5
1 8
40
9
6
34
0
0
---
5
5
2 2
2 2
2 2 4
2 2 2 1
2 2 2 1
2 2 2 2
2 2 1 3
2 2 2 4
2 2 1 5
2 4 6
2 3 7
2 3 7
2 2 7
2 2 1 3 1
2 2 1 1 1
2 2 1 1 1
2 2 1 1 1
2 2 1 1 1
2 2 1 1 1
2 2 1 1 1
2 2 1 1 1
3 2 1 1 1
4 2 1 1 1
2 2 2 1 1 1
2 2 2 1 1 1
2 2 2 1 1 1
2 2 1 1 1
2 2 1 1 1
2 2 1 1 1
2 2 1 1 1
2 2 1 1 1
6 6 1 1 1
6 6 1 1 1
3 3 1 1 1
3 3 1 1 1
3 3 1 1 1
5 1 1 1
3 1 1 1
1 1 1 1
1 1 1
1 1 1
1 1 1
1 1 1