# 0.00596
45
1 1 1
1 5 1 3 1
1 2 2 1 5 1
1 1 1 1 3 3 1
1 13 1 2 2 1
1 16 1 3 1
1 13 2 1 3 1
1 13 1 1 3 1 1
1 20 1 3 3 1
1 20 1 3 5 1
1 20 1 3 7 1
1 20 1 3 8 1
1 20 1 3 7 1
1 20 1 3 7 1
1 20 1 11 1
1 20 1 9 1
1 20 1 9 1
1 20 1 8 1
1 20 1 8 1
1 20 1 6 1
1 13 1 4 1
1 13 1 1
1 1 1
45
---
25
1 1
1 16 1
1 16 1
1 16 1
1 18 1
1 2 16 1
1 1 16 1
1 1 16 1
1 1 18 1
1 2 18 1
1 20 1
1 18 1
1 18 1
1 18 1
1 1 14 1
1 1 14 1
1 2 14 1
1 16 1
1 14 1
1 14 1
1 14 1
1 1
25
1 1
1 2 1
1 3 1
1 3 1
1 2 1
1 3 1
1 5 1
1 12 1
1 12 1
1 12 1
1 6 1
1 14 1
1 13 1
1 13 1
1 12 1
1 11 1
1 9 1
1 5 1
1 1 1
1 1
25