# 0.00818
33 10
33 10
17 3 11 10
14 1 1 1 1 1 1 6
13 1 1 1 1 1 5
14 1 1 1 1 16
14 1 3 1 2 17
15 2 1 3 2 17
16 18
16 4 9
16 4 7
10 5 5 1 1 7
7 2 5 2 7
7 2 5 9
4 4
3 2 3 6 4 3
2 37 2
2 2
2 39 1
1 1 3 3 3 3 3 3 3 3 3 3 1
1 2 1 1 1 1 1 1 1 1 1 1 1 1 1 1 1
1 1 2 2 2 2 2 2 2 2 2 1 2 1
1 2 1 3 1 3 1 3 1 3 1 1 1
1 1 2 3 3 2 2 1 1
1 1 2 2 2 19 2 2 2 1 1
1 2 2 2 19 2 2 2 1
3 2 2 2 19 2 2 2 3
3 2 2 2 19 2 2 2 3
3 2 2 2 19 2 2 2 3
3 2 2 2 19 2 2 2 3
2 2 2 2
3 2 2 2 19 2 2 2 3
3 2 2 2 19 2 2 2 3
3 2 2 2 19 2 2 2 3
3 2 2 2 19 2 2 2 3
3 2 2 2 19 2 2 2 3
3 2 2 19 2 2 3
3 2 31 2 3
3 2 31 2 3
3 31 3
---
30 9
19 4 9
16 3 2 4 9
15 1 1 1
14 1 2 2 15
14 2 4 15
14 2 2
12 1 1 8 9
12 1 2 7 9
12 1 4 3
11 1 2 2 12 3
11 1 1 1 1 12 3
12 1 2 2 3
4 7 1 4 6 9
3 1 5 1 2 7 9
4 1 6 2 1 8 9
3 1 2 3 2 2 7 9
2 1 1 2 4 6 9
3 2 1 2 2 6 9
4 2 1 1 1 1 6 9
3 1 1 1 2 2 6 9
2 1 1 1 4 6 9
3 2 1 2 7 9
4 1 1 1 1 8 9
3 1 1 1 2 7 9
4 2 2 4 6 9
3 1 1 3 2 2 2 6 9
4 1 6 2 1 1 1 6 9
5 8 2 2 2 6 9
14 2 4 6 9
14 2 2 7 9
9 1 1 8 9
9 1 2 3
4 2 1 4 12 3
4 1 1 2 2 12 3
3 4 1 1 1 1 3
3 5 1 1 2 2 2 6 9
3 5 1 2 4 6 9
3 9 2 2
3 9 2 1 18
3 9 1 2 16
3 10 4
3 11 1 4 4 9
3 13 4 9
3 25 9