# 0.00432
0
6
6
2 2
2 2
6
6
29 2 3
5 6 6 7 1 2
25 1 2 6
5 5 5 5 1 2 6
8 12 1 2
8 9 1 2 6
2 2 1 2 1 2 6
4 3 1 2
2 1 1 2 6
2 1 1 2 6
3 2 1 2 3
2 2 1 19 6
2 1 17 6
6 10 1 6 3
5 9 1 20
2 1 1 1 1 18
4 2 1 1 1 1 2 1 6 1 6
1 2 1 1 1 2 2 10 1 6
---
6 2 1
6 2 2
7 1 1 1
7 2 1
6 1 2
1 1 2 1 2
18
18
4
18
6 1 2
3 2 1 5
1 5 2
7 2
6 2
6 2
6 2 2
3 2 2
5 1
1 3 1 1
5 2 4
4 2
4 2 3
3 2 2
3 2
2 2 1
2 2 1 1
1 2 2 1
1 7
2 2 1
24
7 8
2 2 7
2 3 8
24
24
2 2
1 4
2
2 2 2 7
2 2 2 7
2 2 2 7
2 2 2 2 4
2 2 2 2 4
2 2 2 2 4