# 0.01383
0
0
28
6 3 4
3 3 2 1 4
2 3 3 3 4
1 3 3 4 4
1 3 3 1 3 4
2 3 3 1 4
1 3 3 3 4
1 3 3 3 4
2 3 3 3 4
1 3 3 3 4
3 3 3 3 4
2 3 3 3 4
2 3 3 3 3
2 56
2 2
2 55 1
2 1 2 1 2
2 1 1 1 7 7 7 5 2
2 1 4 1 1 7 7 7 5 2
2 1 4 1 4 2 1 2 2 3 5 2
2 1 4 1 4 2 2 3 2 2 3 5 2
2 1 4 1 4 2 2 3 2 2 3 5 2
2 1 1 1 1 2 3 1 1 3 5 2
2 1 4 1 4 2 2 3 2 2 3 5 2
2 1 4 1 4 2 2 3 2 2 3 5 2
2 1 4 1 4 2 2 3 2 2 3 5 2
2 1 4 1 1 2 3 1 3 5 2
2 1 4 1 1 2 3 1 3 5 2
2 1 1 1 2 3 1 3 5 2
2 1 1 1 2 3 1 3 5 2
2 1 1 1 2 7 4 1 1 2
2 1 1 1 7 7 5 1
2 1 11 7 5 1 6 2
3 1 1 17
16 9 7 3 21
60
60
---
27
27
3 4
4 1 18 3
4 1 1 3
3 1 1 3
3 1 1 4 5 3
4 1 1 4 5 3
2 1 1 1 4 5 3
2 2 1 1 4 5 3
3 1 1 1 3
1 1 2 1 1 3
1 2 1 1 1 3
1 1 2 1 1 3
2 2 1 1 1 3
2 1 2 1 22
3 2 1 1 2 1 2
1 1 1 2 1 1 1 3
1 2 1 1 1 1 3
1 1 1 1 2 1 1 1 3
1 5 1 1 1 1 3
1 2 1 2 1 1 1 3
1 3 2 1 1 1 3 3 1 3
1 1 1 2 1 1 3 3 1 3
1 2 2 1 1 1 3 3 1 3
1 1 2 1 18 3
1 1 2 1 1 1 2
1 1 1 3 1 9 2 3
1 2 2 2 1 5 3 2 3
1 1 1 2 1 2 2 3
1 2 2 1 1 2 2 3
2 1 1 1 1 2 2 3
2 2 3 1 2 13 3
3 1 2 1 16 3
2 2 2 1 2
2 1 1 1 2 13 3
2 2 1 1 2 13 3
2 1 1 1 2 13 3
2 3 1 2 3 2
2 2 1 2 3 3
2 2 1 5 3 2 3
2 1 1 15 4
2 1 1 3
2 1 1 9 2 4
2 1 1 5 3 2 4
2 1 1 2 2 4
2 1 1 2 2 4
2 1 1 13 1 4
2 1 1 13 4
2 1 1 14 5
2 1 1 4
2 1 1 13 5
2 1 1 13 5
2 1 1 13 5
2 1 1 13 5
3 1 14 5
3 1 5
2 1 4
2 15 5
23