# 0.00672
0
0
0
0
22 1
10 2
21 1 3
11 3
1 2 2 1 1
2 2 2 2 2 1 2 4 1
2 2 2 2 2 1 2 2 2 4 1
1 2 2 16
2 2 2 2 2 1 2 6 1
2 2 2 2 2 1 2 2 2 2 2 1
1 2 2 2 7
7 1 2 3 4
4 1 1 1 4 1 2 2 2 8 2
1 1 1 1 1 1 1 1 2 2 2 5 2 2
1 1 1 1 1 1 1 1 2
45
2 2 2 2 2 2 2 2 2
2 2 2 2 2 2 2 2 2
45
2 2 2 2 2 2 2 1
2 2 2 2 2 2 2 2
2 2 2 2 2 2 2 2
45
2 2 2 2 2 2
2 2 2 2 2 2
2 2 2 2 2 2 1
1 2 2 2 2 2 2
45
45
0
8 15 14 5
---
1 1 1 1 2 4 1
1 1 2 2 1 1 3 2 2 1
1 1 2 2 4 4 3 2 1
1 1 1 5 2 2 1
1 1 1 2 1 1 2 1
1 1 2 2 4 1 1 2 1
1 1 2 2 1 1 2 2 1
1 1 5 2 3 3 1
1 1 1 6 1 4
1 1 2 2 1 2 2 1 2 2 1
1 1 2 2 5 1 3 2 1
1 1 1 1 1 2 2 1
1 1 1 1 2 2 2 1
1 1 2 2 8 3 2 1
1 1 2 2 2 3 1 3 1
1 1 4 2 1 4 1
1 1 1 1 1 1 2 2 1
1 1 2 2 1 1 2 3 2 1
1 1 2 2 7 3 2 1
1 1 2 1 3 2 1
1 14 3 1 2 1
2 1 1 2 1 3 1
1 1 2 2 2 1 2 1 4 1
1 1 2 2 2 4 1 2 2 1
1 1 2 1 4 2
1 1 1 1 4 2 1
1 1 2 2 2 1 3 1 2 1
1 1 2 2 2 1 3 1 2 1
1 1 4 1 3 1
1 14 1 1 4 1
15 1 2 2 2 1
1 1 1 5 2 1
1 1 1 4 2 2 1
1 2 5 1 2 1
1 3 2 1 1 2 1
7 1 1 1 2 1
9 1 1 2 3 1
5 1 1 1 2 3 4 1
5 1 1 6 1 2 2 1
9 2 2 3 2
7 1 1 2 2 1
3 1 2 1 1 1 2 1
3 1 2 1 2 2 2 1
10 2 4 3 3 1
1 1 2 3 1 4 1