# 0.00335
25
21 1
4 10 4
20
9 10
16 4 1
1 23
25
4 6
3 5 3
6 7 7
6 6 2
5 2
4 1 1 4
1 1 1 7 1 1 3
1 4 2 2 4 3
1 1 1 1 1 1 1 3
1 1 1 1 1 1 1 1
1 1 1 1 1 1 1 1
1 1 1 1 1 1 1 1
1 1 1 1 1 1 1 1
1 4 1 1 4 3
4 1 1 4
1 9 3
2 2
---
9 1 8 1
6 2 1
9 2 10
9 2 1 1 2
2 5 2 1 1 2
8 3 10
8 1 1 1
8 1 1 2
8 1 11
4 3 2 1 2 1
8 2 1 1 1
8 2 1 1 1
8 2 1 1 1
8 2 1 2 1
8 1 11
2 5 1 1 2
5 2 1 1 1
8 3 10
8 2 1 1 2
9 2 1 1 2
2 4 2 10
1 3 1
1 3 1 8 1
1 3 3 3 1 1
2 4 2 3 1 1