# 0.01048
2 1 2
2 3 2 1 2
3 2 1 5
9 9 8 6
9 9 16
9 9 3 8 2
3 3 3 3 3
3 3 3 3
3 3 1 1
3 3 3 3
3 3 3 3
6 6 3 1
6 6 3 1 1
6 6 1 1 3
3 3 1 1 3
3 3 1 2
3 3 1 5
3 3 1 5
3 3 1 5
9 9 2 5
9 9 2 5
9 9 2 5
20
14
3 2 1 1 1 2
---
0
0
0
8 8
8 8
8 8
3 3 3
3 3 3
3 3 3
3 3 3
3 3 3
3 3 3
0
0
0
3 3 3
3 3 3
3 3 3
3 3 3
3 3 3
3 3 3
8 8
8 8
8 8
0
1 1 1
2 2 1 1
4 1 1
3 3
1 2 2
2 2 3
5 6
23
5 4 2
5 6 5 3
2 8
7 2 3 8
1 5 2 12
1 21
3 4
5 2
1 4 3
1 2 1 1
2 1 1
1 1 1