# 0.01626
1 1 1 1 1 1
1 1 1 1 29 1 1
1 1 1 1 1 1 1
1 1 1 1 1 1 2 1 2
1 1 1 1 23 1 2 2
2 2 1 1 2 2 1 1 2 2
5 1 2 14 1 1 1 1 1
1 1 1 1 3 2 2 2 1 1 1 1 1
2 2 1 1 2 10 3 1 1 1 1
1 1 1 1 1 2 2 2 2 1 1 3 3
7 1 1 2 6 2 1 1 1 1
1 1 1 1 1 1 2 1 1 2 1 1 5
7 1 1 2 4 2 1 1 2 2
5 1 1 4 4 1 1 1 1 1
1 1 1 1 1 1 1 1 2 2
5 1 1 1 1 1 1 7
7 1 1 4 4 1 1 1 3 1
1 1 1 1 2 4 2 1 1 1 3 1
1 3 1 1 1 2 1 1 2 1 1 7
1 1 1 1 2 6 2 1 1 2 2
3 3 1 1 2 2 2 2 1 1 2 2
3 1 1 2 10 3 1 1 1 1
2 2 1 3 2 2 2 1 2 2
1 1 1 1 1 14 1 1 2 2
3 3 1 1 2 2 1 1 7
1 1 1 23 1 1 1
1 1 1 1 1 1 1 1 1 1
1 1 1 1 1 1
1 3 1 29 1 1 1 1
1 1 1 1 1
---
6 3 5 6
6 5 1 3
1 1 1 1 4 2 1 3 1 1 1
1 2 2 2 2 1 1 1 1
1 1 1 1 4 2 1 3 1 1 1
6 5 1 3
6 3 5 6
0
28
1 1
1 1
1 22 1
1 1 2 1 1 1
1 1 2 2 1 1
1 1 2 2 1 1
1 2 2 2 2 1
1 3 2 2 3 1
1 1 2 2 2 2 1 1
1 1 3 2 2 3 1 1
1 1 1 2 1 1 2 1 1 1
1 1 1 3 4 3 1 1 1
1 1 1 1 4 4 1 1 1 1
1 1 1 1 1 1 1 1 1 1 1 1
1 1 1 1 1 1 1 1 1 1 1 1
1 1 1 1 4 4 1 1 1 1
1 1 1 3 4 3 1 1 1
1 1 1 2 1 1 2 1 1 1
1 1 3 2 2 3 1 1
1 1 2 2 2 2 1 1
1 3 2 2 3 1
1 2 2 2 2 1
1 1 2 2 1 1
1 1 2 2 1 1
1 22 1
1 1
1 1
28
0
4 5 4 3 6
3 1 5 3 3
1 1 1 4 6 2 1 1
2 1 1 1 1 4 1 1 1
1 1 1 4 6 2 1 1
3 1 5 3 3
4 5 4 3 6