# 0.00645
45
1 2 2 1
45
5 3 3 3 3 3 3 3 3
1 2 1 1 1
1 1 1 2 1
1 2 1 1 1 2 1
1 2 3 3 1 1 1 1 1 1 1 2 1
1 2 9 1 13 1 1
1 1 3 3 3 1 1 1 1 1 1 1 1 1
1 1 3 3 3 1 13 1 1
1 2 3 5 3 1 1 1 1 1 1 1 2 1
1 2 3 3 3 3 1 13 2 1
1 2 3 5 3 1 1 1 1 1 1 1 2 1
1 1 3 3 3 1 13 1 1
1 1 3 3 3 1 1 1 1 1 1 1 1 1
1 2 9 1 13 1 1
1 2 3 3 1 1 1 1 1 1 1 2 1
1 2 1 1 1 2 1
1 1 1 2 1
1 2 1 1 1
5 3 3 3 3 3 3 3 3
45
1 2 2 1
45
---
25
1 2 2 1
25
5 3 3 3 5
1 2 2 1
1 1 1 1 1
1 1 3 1 1
1 2 5 2 1
1 2 3 3 2 1
1 2 3 3 2 1
1 1 3 1 3 1 1
1 1 3 3 3 1 1
1 2 11 2 1
1 2 4 4 2 1
1 2 11 2 1
1 1 3 3 3 1 1
1 1 3 1 3 1 1
1 2 3 3 2 1
1 2 3 3 2 1
1 2 5 2 1
1 1 3 1 1
1 1 1 1 1
1 2 2 1
1 21 1
1 2 2 1
1 1 1 1
1 1 1 1 1 1 1 1 1
1 2 11 2 1
1 2 1 1 1 1 1 2 1
1 2 11 2 1
1 1 1 1 1 1 1 1 1
1 1 11 1 1
1 2 1 1 1 1 1 2 1
1 2 11 2 1
1 2 1 1 1 1 1 2 1
1 1 11 1 1
1 1 1 1 1 1 1 1 1
1 2 11 2 1
1 2 1 1 1 1 1 2 1
1 2 2 1
1 1 1 1
3 3 3 3 3
25
1 2 2 1
25