# 0.01658
8 4
6 4
6 3
5 4
4 4
4 3
4 4
3 4
3 4
3 5
3 7
3 4
3 5 3 3
3 9 8
3 2 3 10
3 1 3 3 3
2 6 2 3 2
2 2 5 11
2 1 1 2 3 4 3
3 3 1 3 2
2 1 3 1
1 1 2 2 2
2 3 2 4 2
1 3 11 2
1 1 1 2 5 3
2 1 4 4
1 2 1 5 5
2 1 4 9 5
6 18 5
4 1 5 7 4
4 1 3 2 5 4
4 1 10 4
4 1 9 4
5 1 3 3 1 5
5 1 1 5 2 5
5 2 3 5 7
6 13 9
6 13 11
6 23
6 18
---
16 3 2 14
16 4 13
17 1 2 12
7 2 1 2 12
4 2 4 1 7
3 4 4
1
1 1
2
2
2
3
1 1 5
1 1 5
2 2 5
1 1 4
1 1 1 2 5
2 1 1 4 7
2 1 1 13
2 2 1 1 6 7
2 1 1 9 6
4 2 4 1 2 4
6 1 1 1 1 3
5 1 1 2 1 2
2 1 2 2
2 2 2 2
1 5 2 3
3 1 3 3 2 3
1 19 3
1 5 13 4
2 3 2 11 4
4 1 3 1 15
4 2 3 1 1 7 5
10 3 1 1 2 4
9 2 1 1 5
12 2 3 7
13 13
10 13
16
10