# 0.00638
1 19 1 19 1
1 1 1 1
1 2 2 1 1
1 3 3 5 5 1
1 2 4 4 2 2 2 2 2 1
1 19 1 2 2 1 1
1 2 11 2 1 2 1 1 2 1 1
1 5 5 1 3 1 1 3 1 1
1 6 6 2 2 7 2 1
1 2 2 2 2 3 7 3 1
1 2 2 5 5 1
1 2 2 2 2 1
1 2 2 2 2 1
1 2 2 5 6 1
1 2 2 3 7 2 1
1 3 2 2 3 2 7 2 2 1
1 6 6 1 3 1 1 3 1 1
1 5 5 1 2 1 1 2 1 1
1 3 11 3 1 2 2 1 1
1 2 13 2 2 2 2 2 1
1 5 5 5 5 1
1 2 2 1
1 1 1
1 1 1 1
1 19 1 19 1
---
1 21 1
1 1
1 2 2 1
1 5 5 1
1 2 14 2 1
1 4 11 3 1
1 6 5 1
1 6 6 1
1 3 2 2 3 1
1 2 2 1
1 2 2 1
1 2 2 1
1 2 2 1
1 2 2 1
1 3 2 2 3 1
1 6 6 1
1 6 5 1
1 4 11 3 1
1 2 14 2 1
1 5 5 1
1 2 2 1
1 1
1 1 1 1
1 1
1 5 5 1
1 2 2 2 2 1
1 1 1 1 1 1
1 1 2 2 2 2 1 1
1 1 3 1 1 3 1 1
1 2 7 2 2 1
1 2 7 2 1
1 6 6 1
1 2 2 1
1 2 2 1
1 6 6 1
1 2 7 2 1
1 2 2 7 2 1
1 1 3 1 1 3 1 1
1 1 2 2 1 2 1 1
1 1 1 2 1 1
1 2 2 2 2 1
1 5 5 1
1 1
1 1
1 21 1