# 0.01132
40
1 1
1 1
1 1
1 6 1
1 9 1
1 5 6 1
1 4 4 5 1
1 10 5 1
1 10 5 1
1 11 5 1
1 14 2 7 1
1 6 7 4 4 3 1
1 6 16 2 1
1 6 14 2 1
1 6 16 2 1
1 24 3 1
1 25 3 1
1 25 4 1
1 7 22 1
1 6 20 1
1 5 19 1
1 3 19 1
1 10 6 1
1 8 4 1
1 6 3 1
1 5 7 1
1 1 24 1
1 28 1
1 27 1
1 32
1 32 1
1 30 1
1 31 1
1 31 1
1 26 1
1 14 10 1
1 3 2 1 1 1 1 1
1 1 1 1
40
---
40
1 1
1 3 1
1 2 5 1
1 5 6 1
1 13 1 1 1
1 13 5 1
1 13 5 1
1 13 8 1
1 6 4 10
1 5 4 10 1
1 5 5 9 1
1 5 6 10 1
1 14 9 1
1 16 11 1
1 18 13
1 3 14 10 1
1 3 14 10 1
1 3 14 11 1
1 3 13 10 1
1 2 25 1
1 2 25 1
1 3 25 1
1 3 26 1
1 3 12 11 1
1 4 10 10 1
1 4 12 11 1
1 8 9 11 1
1 7 2 18 1
1 5 19 1
1 3 21 1
1 3 4 4 11 1
1 8 2 9 1 1
1 5 9 1
1 8 1
1 5 2 1
1 5 1 1
1 2 2 1
1 1 1
40