# 0.00446
16 2 8
1 4 1
1 4 1
1 2 1
1 3 4 1
1 3 4 1
1 9 5 1
1 10 2 3 1
1 4 2 2 3 1
1 3 2 2 2 1
1 2 2 3 4 3 1
1 2 2 7 3 1
1 2 3 5 2 3 1
1 3 3 3 2 1
1 2 4 3 2 1
1 2 3 3 3 1
1 3 2 3 2 1
1 3 3 3 2 1
1 2 3 2 2 1
1 3 2 2 3 1
1 2 2 2 2 1
1 3 3 2 2 1
1 2 3 2 3 1
1 2 2 2 3 1
1 2 5 2 2 2 4 2 1
---
25
1
1 2
1 4
1 5 4
1 14 1
1 3 7 1
1 2 2 1
1 3 3 1
1 2 5 1
1 2 4
1 2 6 4
1 5 11
1 6 6
1 4 3 1
1 4 2 1
3 2
2 3 9
5 3 10
12 4
2 7 3 1
3 3 1
1 3 2 1
1 3 5 1
1 16
1 8 5
1 3 3
1 2
1
25