# 0.00336
3
1
2
2 1 2 1 2
1 6 1
1 1 2 1 1
9 12 9
7 1 1 1 1 7
6 3 8 3 6
5 8 5
32
34
1 2 2 2 1 2 2 1 4 1
1 3 2 1 2 2 1 3 2 3
32
3 3 3 3 3 3
3 3 3 3 3 3
3 3 3 3 3 3
3 3 3 3 3 3
3 3 3 3 3 3
3 3 3 3 3 3
3 3 3 3 3 3
3 3 3 3 3 3
3 3 3 3 3 3
3 3 3 3 3 3
3 3 3 3 3 3
---
1
1 2 1
3 16
3 2 12
3 16
3 5
3 2 2
6 12
2 17
1 18
4 1
1 9
4 3 12
6 13
4 18
1 1 1 4 1
7 7
1 5 7
1 1 4 1
4 5 12
20
4 2 12
1 6 2
7
1 4 13
2 3 12
20
3 5
3 3 1
3 16
3 2 13
3 16
1 2 1
1