# 0.00618
6 3 3 6
4 2 1 1 2 4
3 1 3 1 3
2 14 2
2 2 13 2
1 1 2 12 1
1 2 13 1
1 1 16 1
1 17 1
1 19 1
1 19 1 1
1 20 1
1 5 13 1
1 4 14 1
1 3 16 1
1 1 2 16 1
1 3 10 5 1 1
1 12 3 3 1
1 10 4 1
1 12 4 1
1 13 4 1
1 14 1 1
1 15 1 1
1 16 1 1
1 16 1 1
1 16 1 1
1 16 1 1
1 16 3 1
1 16 4 1
1 26 1
---
30
5
3 2 8
2 2 10
1 5 11
1 5 13
1 5 14
1 1 5 15
2 1 5 16
1 8 16
3 5 17
4 24
2 27
1 27
30
15 11
16 9
1 14 7
2 15 1
17 1
15 1
14 1
12 1 1
10 3 1
1 5 4 2
1 1 4 3
2 1 4 9
3 3
5
30