# 0.01215
8 7 8 7
1 8 1 7 1 8 1 7 1
8 7 8 7
3 3
3 3
3 6 6 6 5 3
3 6 6 14 3
3 2 2 2 5 3
3 2 2 8 3
3 6 6 7 3
3 6 6 6 3
2 2 6
1 2 2 2 1
2 2 2
3 2 2 1 6 3
3 2 2 3 7 3
3 2 2 5 3 3
3 3 3 3 8 3
3 8 3 4 3 3
3 6 2 2 2 3
3 3
3 3
7 8 7 8
1 7 1 8 1 7 1 8 1
7 8 7 8
---
8 8
1 8 1 8 1
8 8
3 3
3 3
3 2 2 3
3 2 2 3
3 2 2 3
3 2 2 3
3 14 3
3 15
3 1
1 2
2 3
3 3 3
3 15 3
3 14 3
3 2 2 3
3 2 2 3
3 2 2 3
3 2 2 3
2
1 3 1
3
3 3 3
3 3 3
3 2 3 3
3 4 3 3
3 2 2 3 3
3 2 2 3 3
3 2 2 3 3
3 2 2 3
5 5 1
1 10 3
10 2 3
3 3 2 2 3
3 3 2 2 3
3 2 2 2 3
3 2 2 3
3 2 3
3 3
3 3
8 8
1 8 1 8 1
8 8