# 0.00391
45
3 3 1 3 1
3 3 3 3
1 3 1 3 2 2 2 3 3
1 3 1 5 2 2 2 1 3 1
3 3 3 3 2 2 2 1 3 1
3 3 3 3 2 2 2 3 3
1 3 1 2 2 2 2 2 3 3
1 3 1 2 2 2 2 2 1 3 1
3 3 2 2 2 2 2 1 3 1
3 3 2 2 2 2 2 3 3
1 3 1 2 2 3 3
1 3 1 2 2 1 3 1
3 3 2 2 1 3 1
3 3 3 3 2 2 2 3 3
1 3 1 5 5 2 2 2 3 3
1 3 1 3 5 3 2 2 2 1 3 1
3 3 2 3 2 2 2 2 1 3 1
3 3 5 2 2 2 3 3
1 3 1 3 3 2 2 2 3 3
1 3 1 3 3 2 2 2 1 3 1
3 3 2 2 2 2 2 1 3 1
3 3 3 3
1 3 1 3 3
45
---
25
3 2 2 2 2 2 1
25
1 2 2 2 2 2 2
25
3 2 2 2 2 2 1
25
1 1
1 1
1 2 1
1 3 1
1 11 2 1
1 11 3 1
1 3 3 3 1
1 3 5 1
1 2 3 1
1 3 5 1
1 3 3 3 1
1 11 3 1
1 11 2 1
1 3 1
1 2 1
1 1
1 1
1 8 8 1
1 8 8 1
1 1
1 1
1 8 8 1
1 8 8 1
1 1
1 1
1 8 8 1
1 8 8 1
1 1
1 1
1 1
1 1
25
1 2 2 2 2 2 3
25
2 2 2 2 2 2 1
25
1 2 2 2 2 2 3
25