# 0.00686
35
1 1
1 1
1 1
1 1
1 1
1 1
1 1
1 1
19 1
1 1 1
1 2 1
1 2 1
1 1 1
1 2 1
1 2 1
1 2 1
1 1 1 1
1 2 3 1
1 1 1 1 1
1 2 2 2 1
1 2 1 1 1
1 1 2 2 1
1 2 1 1 1
35
1 1
1 1
1 1
1 1
1 1
1 1
1 1
1 1
1 1
35
---
35
1 1 1 1
1 1 1 1
1 1 1 1
1 1 1 1
1 1 1 1
1 1 1 1
1 1 1 1
1 1 1 1
1 1 2 1
1 1 4 1
1 1 2 1 1
1 1 3 1 1
1 1 3 1 1
1 1 2 1 1
1 1 2 1 1
1 1 3 1 1
1 1 2 1 1
1 3 1 1
1 3 1
1 3 1 1
1 3 1 1
1 2 1 1
1 3 1 1
1 3 1 1
1 3 1
1 1 1
1 1 1
1 1 1
1 1 1
1 1 1
1 1 1
1 1 1
1 1 1
35