# 0.00672
4
3 2 2 2 3
1 1 2 1 1 8 1 1
3 2 1 8 2 3
2 2 2 1 1 5
3 2 2 12 2 3
1 1 3 2 1 1 1 1 4 1 1
3 2 15 2 3
2 1 1 1 1 1 1 1 3
3 3 16 3
1 1 3 2 1 1 1 1 1 1 1 1 1
3 4 17 3
2 1 1 1 1 1 1 1 1 1 1
3 5 18 3
1 1 2 5 1 1 1 1 1 1 2 1 1
3 24 3
2 1 1 1 1 1 1 1 1 3
3 21 3
1 1 1 1 1 1 1 1 1 1 3 1 1
3 18 3
2 1 1 1 1 1 3
3 13 1 3
1 1 7 1 3 1 1
3 3 1 1 3
1 1
---
0
3 3 3 3 3 3
1 1 1 1 1 1 1 1 1 1 1 1
3 3 3 3 3 3
0
0
1
3 6
2 2 9
2 7 1 1 3
1 1 8 1 1 2
1 2 9
2 2 2 1 1 1
4 9
3 1 1 2
12
3 1 1 1 1 2
16
2 1 1 1 1 1 1 2
18
2 1 1 1 1 1 1 1 1 2
21
1 1 1 1 1 1 1 1 1 1 2
20
2 1 1 1 1 1 1 1 2 2
21
2 1 1 1 1 1 1 3 2
17
4 1 1 1 1 3
1 13
2 4 1 1 3
1 2 8
1 2 1
1 2
1
0
3 3 3 3 3 3
1 1 1 1 1 1 1 1 1 1 1 1
3 3 3 3 3 3
0