# 0.00576
30
1 1
1 1 1
1 9 1 2 1
1 2 2 2 3 1
1 2 2 3 2 1
1 3 1 2 2 1
1 1 3 4 1
1 1 1 1 1 3 1
1 1 7 4 1
1 1 1 1 1 1 2 2 1
1 1 1 3 3 2 1
1 1 1 1 1 2 3 1
1 1 1 1 1 2 1
1 1 1 1 1 1
1 1
1 1
1 16 1
1 2 1 1 1 1 1 1
1 2 1 1 1 1 1 1
1 2 1 1 1 1 1 1
1 16 1
1 1
1 1
30
---
25
1 1
1 1 1
1 2 1
1 3 1
1 1 2 3 1
1 1 9 5 1
1 1 2 1 1 1
1 3 3 1 1 1
1 2 5 1
1 1 5 1 1 1
1 1 1 1
1 5 1
1 1 1 1 1
1 3 1 1 1
1 1 1 1 5 1
1 7 1 1 1
1 1 1 1 1 1 1
1 3 5 1
1 1 1 1 1
1 2 2 1 1 1
1 2 2 5 1
1 2 2 1
1 13 1
1 2 3 2 1
1 2 3 2 1
1 3 3 1
1 1 1 1
1 1
25