# 0.01370
5 13
4 12
5 12
4 13
4 14
4 14
4 13
3 13
3 16
3 8 17
2 1 3 11
1 3 10
1 5 20
1 2 1 1 6 12
1 7 20
1 18 1
3 17 3
2 1 21
1 1 21
1 2 22
1 20
1 1 2 21
1 1 1 20
1 1 22
1 1 18 2
2 1 16
1 11 2
1 9 10 2
1 2 14 2
1 14 2
1 16 2
2 14 2
1 14 2
2 14 3
1 13 3
1 11 4
1 10 4
1 8 5
1 7 7
11 9
---
0
0
0
5 4
10 2 4
11 1 1 1
20 11
3 3
1 2 1 2
1 3
1 1 1
1 3
1 1 1 1
1 1 1 1
1 2 1 1
1 1 1 1 1
2 1 1
1 5
1 3 1 1 1
5 1 2 1 1 1 1
13 8 2
15 13
16 13
18 12
3 28
2 27
2 2 1 25
1 7 1 24 1
10 26 1
11 25 2
37 2
36 3
35 4
33 5
26 7
40
16 7 11
15 9
25
15 8