# 0.00198
50
1 3 3 8 1 5 1 6
1 3 3 8 1 5 1 6
1 3 3 8 1 5 1 6
1 3 3 6 5 1 5 4
1 8 3 7 3 3 3 5
1 8 3 8 5 6
1 8 3 25
1 5 3 25
1 5 3 3 3 1 3
1 5 3 3 2 3 1 2
1 8 3 3 2 3 2
1 8 3 3 3 2
1 8 3 3 3 4 2
1 8 3 3 8 4 2
1 3 3 3 8 4 2
1 3 3 3 8 4 2
1 3 3 3 3 4 2
1 3 3 3 3 4 2
50
---
20
1 1
1 1
1 1
1 1
1 1
1 3 4 1
1 3 4 1
1 3 4 1
1 10 1
1 10 1
20
20
20
1 1
1 1
1 1
1 1
20
20
20
1 1
1 1
1 1
1 1
20
20
20
9 1
9 1
9 3 1
4 4 2 3 1
5 3 2 3 1
1 2 2 3 1
6 2 3 1
1 2 13
5 14
4 15
9 1
4 4 1
5 5 1
1 2 2 7
6 2 7
1 2 2 7
5 3 7
4 4 1
9 1
10 1
20
20