# 0.00979
1 1
1 1 1 1 1 1
1 3 1 1 3 1
3 3 3 3
7 7
3 3 3 3
2 30 2
2 2 1 1 1 1 1 1 1 1 1 1 1 1 3 2
8 1 1 1 1 1 1 1 1 1 1 1 1 7
42
9 9
2 1 1 1 1 1 1 1 1 2
2 1 1 1 1 1 1 1 1 2
2 8 8 2
1 9 9 1
2 7 7 2
2 1 1 1 1 1 1 1 1 2
2 1 1 1 1 1 1 1 1 2
1 7 7 1
7 7
7 7
1 1 1 1 1 1 1 1
1 1 1 1 1 1 1 1
7 7
9 9
50
9 1 1 1 2 2 1 1 1 9
17 17
14 14
10 10
9 9
9 9
---
2 2 1
2 2 1
2 2 1
2 2 1
2 2 8
31
8 3 3 9
4 24
3 1 3 3 3 9
4 24
8 3 3 9
31
1 2 8
2 1 1 3
1 2 4
2 1 1 2
1 2 4
2 1 1 2
1 2 3
2 1 1 1
1 2 3
2 1 2
1 2 1
2 1 1
1 2 1
2 1 1
1 2 1
2 1 1
1 2 2
2 1 3
1 2 1 1
2 1 3
1 2 1 2
2 1 4
1 2 1 2
2 1 4
1 2 1 3
2 1 8
31
8 3 3 9
4 24
3 1 3 3 3 9
4 24
8 3 3 9
31
2 2 8
2 2 1
2 2 1
2 2 1
2 2 1