# 0.00649
35
1 1
1 1
1 2 3 1 2 1 1 1 2 1
1 1 1 1 1 1 1 1 1 2 1 1 1
1 2 2 3 1 1 1 1 2 1 2 1
1 1 1 1 1 1 1 1 1 1 1 1 1 1
1 1 1 3 1 1 2 1 1 1 2 1
1 1
1 1
1 6 1
1 8 10 1
1 6 11 1
1 6 9 1
1 4 8 1
1 4 7 1
1 2 7 1
1 2 5 1
1 22 1
1 23 1
1 24 1
1 24 1
1 25 1
1 25 1
1 4 4 4 1
1 4 6 6 1
1 4 6 6 1
1 5 6 6 1
1 5 6 6 1
1 6 4 4 1
1 1
1 1
1 2 1 1 1 2 1 1 2 1
1 1 1 1 1 1 1 1 1 1 1 1 1 1 1 1
1 2 3 1 1 2 1 1 3 1 1 1
1 1 1 1 1 1 1 1 1 1 1 1 1 1 1 1
1 1 1 1 1 1 3 1 1 1 1 1 2 1
1 1
1 1
35
---
40
1 1
1 1 1
1 2 5 1
1 5 3 1 1 1
1 1 1 4 4 1 2 1
1 1 2 1 6 5 1
1 4 12 4 1
1 5 6 10 1 1 1
1 1 1 1 16 4 1
1 1 1 15 1
1 6 6 4 5 1
1 4 4 12 1
1 1 1 1 12 5 1
1 4 12 1 1
1 12 1 1
1 5 6 4 1
1 1 1 6 5 1
1 3 6 1 1 1
1 6 1 2 1
1 5 6 1
1 6 3 1
1 5 5 6 1 1 1
1 1 13 4 3 1
1 1 19 1
1 5 19 4 1
1 19 1 1 1
1 3 19 4 1
1 1 1 6 4 4 1
1 1 1 1 4 2 5 1
1 2 3 1 1 1 1
1 2 3 1
1 2 1
1 1
40