# 0.00651
2 3 2
2 3 2
2 3 2
2 3 2
2 3 2
2 3 2
2 3 2
2 3 2
2 3 2
2 3 2
2 3 2
2 3 2
2 3 2
2 3 2
2 3 2
3 3 3
3 3 3
4 3 4
4 3 4
4 3 4
4 3 4
5 3 5
6 3 6
6 3 6
5 3 5
3 3 3
0
0
2 6 2 5 2
2 6 2 6 2
2 2 2 2 2 2
4 2 4 2 2 2
1 1 2 1 1 2 2 2
1 1 2 1 1 6 2
1 1 2 1 1 5 2
6 2 6 2 2 2
6 2 6 2 2 2
1 1 2 1 1 2 2 2
1 1 2 1 1 2 2 2
2 2 2 2 2 2 2 2
---
1
3 5
3 6
4 4 2
3 4 2
4 6
3 5
3 1
4 2
4 2
4 12
5 12
19 2
18 2
0
1
26 5
26 6
26 4 2
4 2
6
18 5
19 1
5
4 12
4 12
4 2 2
3 2 3
3 2 5
4 5 4
3 3 2
4
3
3 12
12