# 0.00816
40
40
24
6 4 15
5 1 4 27
6 5 27
12 27
12 27
13 7 18
13 6 1 17
13 7 18
13 22 3
14 20 1 2
14 21 3
14 25
15 24
3 11 14 5
2 1 9 1 3
3 8 16 5
12 10 1
11 12 1
9 13 1
7 16 2
5 2 15 4
3 2 15 1 1
2 2 14 2 1 2
1 2 12 2 1 3
2 10 3 2 4
1 6 3 2 6
2 3 4 7
1 5 3 9
3 5 5 10 2
1 9 8 11 1 1
13 3 13 2
1 19
---
27 3 1
26 2 2
17 7 1 1 1
16 1 5 2 2
17 6 2 2
4 18 1 2
3 1 17 1 2
4 17 1 2
22 1 2
21 1 2
21 1 2
3 16 7 2
3 10 8 1 1
3 4 6 10 1 1
3 8 2 10 1 1
3 11 12 2
3 13 11 2
3 13 10 1 2
3 13 10 1 2
3 13 10 4
3 5 7 10 3
3 4 1 6 9 4 1
3 5 7 9 1 2 1
3 13 1 6 3 1
2 13 1 6 1 1 2
2 14 1 3 1 1 3
2 14 1 2 3
2 14 1 1 1 4
2 14 1 1 1 4
2 14 1 1 1 4
2 13 1 1 1 4
2 13 1 1 1 5
2 13 1 1 1 5
2 13 1 1 1 6
2 13 1 1 1 7
2 9 4 1 1 1 7
2 8 1 3 1 2 5 2
2 9 4 1 2 5 1 1
2 14 6 7 2
2 14 10