# 0.00803
15
16
6 10
10 7
12 5
15 4
2 18
17 4
4 18
19 3
5 18
21 2
7 17
22 2
25
23 1
9 15
10 14
7 10 1
3 7 5 1
4 6 3 1
9 2
8 6
1 9 4 2
2 8 2 2 1
2 8 3 1
1 9 2 1
1 14
1 1 13
2 2 12
3 11
8
4
1
4
3
3
4
7
6
4 6
7 7
9 8
11 8
12 9
---
4 13 2 3
18 2 2 2 2
6 11 2 4 1 3
19 2 2 4
8 11 3 2 5
10 14 5
2 23 5
12 14 5
28 4
16 12 4
3 13 11 3
18 9 2
18 8 1
4 14 6
19 5
4 13 1 5
17 3 5 1
4 11 2 1 5 3
16 10 1 4
4 10 3 6 7
15 1 6 7
4 21 1 8
5 10 3 11
5 2 14
9 11