# 0.00732
1 1 2 1
1 3 2 2 1
1 2 30 1 6
3 2 7 2 3 3
1 1 1 9 1 3 1
4 7 3 5 4
3 1 5 4 1 3 3
2 1 2 2 3 3 5
4 5 6 1 4 2
5 4 1 3 1 3 3
2 1 2 2 4 4 5
4 2 3 2 3 2 6 1 2 2
2 1 5 4 6 1 6
2 1 5 9 1 2 2
2 1 4 4 2 1 1 1 2
5 4 3 10
2 2 1 2 2 2
2 30 2
2 2 2
30 2
2 2
19 2
1 1 1 3 1 1 1 1 27
1 1 1 3 1 1 1 1 1 1 1 1 1 1 3 1 1 1 1 1 1
1 1 1 3 1 1 1 1 1 1 1 1 1 1 3 1 1 1 1 1 1
---
4 2 1 1 4
1 13 1
7 10 4
2 1 2 1 1 1
1 14 4
2 2 1 1
1 1 1 4
1 8
1 8
1 1 1 1 1
1 1 2 1 1 1 1 4
1 2 2 4 1 1 1
1 2 2 7 1 4
1 12 1 1 1
13 1 1 4
5 1 1 1 1 1
4 1 1 1 1 4
4 1 1 1 1 1
4 2 1 1 1 1 4
3 1 1 1 1 1
7 4 1 1 3
1 11 1 1 1
1 11 1 1 3
1 1 3 6 1 1
1 2 1 3 1 3
1 1 1 1 1
1 1 1 3
1 2 1 1 1 1
1 2 1 1 1 3
1 2 1 1 1
1 2 1 1 1 3
1 2 8
1 2 1 8
1 1 1 1
2 2 1 3
14 1
2 1 1 1 1 3
3 1 2 1 1 1
4 3 1 1 3
1 8 2 1 1
3 1 7 1 3
3 1 1 10 1
2 6 8 3
1 11 1 1
2 2 4 1 3