# 0.00887
1 2 1
1 1 1 1
1 3 1
1 1 1
1 7 1
1 1 1
1 1 5 1 1
1 3 1
1 1 5 1 1
1 2 11 8 2 1
1 6 3 2 4 6 1
1 12 19 1
1 1 3 1 3 4 1 1
1 5 3 3 4 1
1 2 1 1 1 3 2 1 1
1 3 2 3 3 1
1 3 3 3 1
1 4 3 4 1
1 1 3 1 5 4 1 1 1
1 16 1 1 13 1 1
1 1 4 5 1 5 6 1
1 1 7 4 4 6 2 1
1 4 10 10 2 1
1 35 1
1 3 3 1
---
1 1 1
6 5 5 6
1 1 1
3
1 1 2
2 7
3 10
13 2
6 3 3 1
2 1 3 1 1
2 1 1 1
2 1 1 1
3 2 2
1 1 2 2
1 1 2 2
1 1 2 2
3 3 2 2
3 1 1 1 3
2 3 1 3
1 1 1 3
1 4 1 3
1 14 2
6 8 1 1
1 3 9 2
1 1 4 1 3
1 3 1 3
2 1 3 1 3
1 3 3 1 3
3 1 1 2 2
1 1 2 2
1 1 2 2
3 2 2
2 2 2
2 1 1 1 1
2 2 2 1 1
6 7 2
13 2
3 7 2
1 1 4
3 1
2
1
1 1 1
6 5 5 6
1 1 1