# 0.00791
3 3 3 3 3
1 1 2 1 2 1 2 1 2 1 2 1 2 1 2 1 2 1 1
2 4 4 4 4 4 4 4 4 2
1 1 2 1 2 1 2 1 2 1 2 1 2 1 2 1 2 1 1
3 3 3 3 3
0
12 11
2 3 1 3 3 3 4 1 1 3
13 2 2 2 2 7 2 2
13 2 1 1 2 9 2 1
14 1 1 13 1
15 2 2 3 9 2
3 11 2 2 3 9 2
3 10 2 2 3 8 2
4 11 6 9
5 8 6 6
13 2 2 11 2
7 2 7 2
10 9
0
3 3 3 3 3
1 1 2 1 2 1 2 1 2 1 2 1 2 1 2 1 2 1 1
2 4 4 4 4 4 4 4 4 2
1 1 2 1 2 1 2 1 2 1 2 1 2 1 2 1 2 1 1
3 3 3 3 3
---
3 2 3
1 1 1 3 5 1 1 1
2 2 9 2 2
1 1 1 1 10 1 1 1
3 6 5 3
3 7 4 3
1 8 3 1
1 1 1 7 3 1 1
1 1 7 3 1
3 13 3
3 1 9 1 3
1 1 1 11 1 1 1 1
2 2 11 1 2 2
1 1 1 2 10 1 1 1
3 1 8 3
3 7 3
1 2 3 1
1 1 2 2 1 1 1
1 1 2 1
3 2 2 3
3 4 3
1 1 1 1 1 1
2 2 4 2 2
1 1 1 2 2 1 1 1
3 1 2 3
3 2 2 1 3
1 2 3 1
1 1 7 1 1
1 1 8 1
3 2 10 3
3 5 5 3
1 1 1 7 4 1 1 1
2 2 8 3 2 2
1 1 1 1 7 3 1 1 1
3 9 3 3
3 1 9 1 3
1 1 9 1 1
1 1 2 10 1 1
1 1 8 1
3 7 3
3 2 3 3
1 1 1 2 2 1 1 1 1
2 2 1 2 2 2
1 1 1 2 2 1 1 1
3 4 3