# 0.01440
1
1 1 3 1
3 1 1 1 1
1 7 1 1 1
3 3 3 1 1 7
1 5 1 2 2 10
2 5 2 5 3 2
1 7 1 5 2 2
1 1 3 1 1 5 2 1 1 1 2
1 1 3 1 1 7 2 2
1 2 1 2 1 1 1 2 1 1 1 2
1 7 1 15 2 2
1 3 3 1 13 2 1 1 1 2
1 1 3 1 1 1 2 2
2 2 3 11
11 1 3 3
11 3 2 2
13 3 2 2
13 1 16
1 1 1 1 5 16
2 1 1 2 7 2 2 2 2
2 1 1 2 1 1 1 2 2 2 2
2 2 2 1 2 2 2 2 2
1 1 2 1 2 3 3
1 1 1 3 3
---
8
2 13 3
3 5
2 7 7
1 3 3 4
8 3 4
11 1 4
8 3 4
1 3 3 4
2 7 7
3 5
2 13 3
8
0
1
2
2 1
2 2
2 4 3
7 2 2
2 5 2 1 2 2
2 4 14
2 5 2 1 2 2
7 2 2
2 4 3
2 2
2 1
2
1
2 2
8
5 9
12 2
2 5 5
2 2 5
2 1 1 1 1 2
2 1 2
2 1 1 1 1 2
2 1 2
2 1 1 1 1 5
2 2 5
2 6 2
19
4 8
2 2