# 0.00862
1 11 26
10 3 24 1
11 2 11 10
1 10 1 10 1 10
11 1 10 1 8 1
13 11 1 1 8
1 15 2 4 3 9
16 2 3 9 1
5 6 6 1 1 10
1 3 4 8 8 4
2 1 3 10 5 2 1
2 7 2 11 3 3 1
1 1 1 1 1 1 1 11 2 1 1 2
1 2 2 4 11 1 1 1 1 1
2 1 1 5 11 1 3 1
1 2 3 7 9 1 3
3 1 9 3 4 3 1
5 12 1 13
1 16 1 7 10
15 7 2 8 1
15 5 5 2 7
1 14 1 1 1 5 2 8
14 5 2 7 1
16 1 7 1 8
1 16 9 10
---
1 1 1 1 1 1 1 1 1
1 1 1 1 1 1 1 1
25
11 10
10 9
9 1 1 8
8 4 7
8 1 1 7
8 3 2 7
8 1 1 7
8 4 7
9 1 1 8
1 6 9
6 10
1 19
2 1 6 12
3 3 8 2
1 1 1 6 2 1
1 3 3 4 1
7 5 3 2 1
6 6 2 1
6 8 2 2 1
6 9 1 1 2
6 8 7
7 9 7
7 8 7
8 7 7
9 5 7
4 1 1 5 3 2
3 2 4 1 1
2 3 2 3 1 2
2 1 1 3 1 1 2 1
2 2 4 2 2
3 7 2 2
4 4 4 1
10 4 2
9 2 8
9 1 1 8
9 1 1 8
9 4 8
10 9
11 10
25
1 1 1 1 1 1 1 1 1
1 1 1 1 1 1 1 1