# 0.00839
3 6 3
2 3 2 2 2
1 2 2 2 1 1 1 1 1 2 1
1 3 3 5 2 2 2 6 1
1 2 2 2 2 5 6 6 1
1 1 3 1 2 1 6 2 1 1 1
1 2 2 2 2 2 4 2 1
1 3 3 2 2 2 1
1 7 2 2 2 1
1 5 2 2 2 1
1 3 2 2 2 1
1 3 2 2 2 1
1 3 2 2 2 1
1 3 2 2 2 1
1 3 2 2 2 1
1 2 2 2 2 1
1 2 4 2 2 1
1 2 1 2 1 2 2 1
1 2 6 2 2 1
1 3 2 2 2 4 8 1
1 5 2 2 3 2 4 2 1
1 6 2 2 4 1 2 1 1
1 5 6 2 2 2 2 1
2 3 2 2 8 2
3 4 3
---
25
2 2
1 1
3
2 2 1 1 1
1 2 5
3 4 5
2 3 7 3
1 1 16
2 3 16
3 4
1 2
2 2
3 1
3
3 2
1 1 1
17 2
17 2
2 1 1 1
4 3 2
2 3
1
0
0
3
2 3 1 1
1 1 3 3
1 20
1 20
1 1 3
2 3
3 3
2 2
1 1
2 2
23
23
2 2 2
3 1 1
2 2 2
3 3
1 1
2 2
25