# 0.00572
3 2
1 2 3
1 1 2 1
1 1 3 1
1 1 2 1 2
40
1 1 1 1 3
3 1 1 1 2
40
3 1 1 1 3
1 1 1 3 1 1
40
2 4 1 2 1 1
1 1 1 1 3 1 1 2
40
1 1 1 2 1 1 3
5 2 1 1
40
1 3 1
1 2 1
1 3 3 1
1 1 3
1 1 2 2
1 2 1
3 3
---
1 1 1 1 1
1 1 4 1
1 1 2 2 1 2
1 1 2 1 2 1
1 2 4 2 1
1 2 2 1 2 2
24
1 1 2 2 1 2
2 4 1 3 1
5 1 1 1 1
1 1 1 1 1
1 1 1 1 1
1 1 1 1 1
1 1 1 3 1
1 1 1 3 1
11 1
3 1 1 1 1
1 1 1 1 1 1
2 1 1 1 1 1
2 1 1 3 1 1
2 1 1 3 1 1
12 1 1
1 1 1 1 1
1 1 1 1 1
1 1 1 1 1
13
3 1 1 1 2
3 1 1 1 1 1 1
1 1 1 1 2 1 1 1
1 1 1 1 2 5
1 12
1 3 1 1 1 2
1 3 1 1 1 1
1 1 1 1 1 2
1 1 1 1 1 2
1 1 1 9
1 1 1 3 1
1 1 1 3 1
1 1 1 1 1
1 1 1 1 1