# 0.00593
45
1 8 1
1 2 2 1
1 2 2 1
1 2 2 1
1 1 1 1
1 1 1 1
1 1 2 1 1
1 1 1 1 1
1 1 1 1
1 2 2 1 1 1 1 1 1 1
1 2 2 15 1
1 3 2 2 1 1 1 1 1 1 2 1
1 11 2 1 1 1 1 1 1 2 1
1 4 3 3 1
1 3 1 15 1 1
1 3 1 1 1
1 3 1 1 1
1 3 2 2 1
4 3 3 1
3 2 2 2 2 1
1 1 2 2 1 1
1 2 15 2 1
1 3 3 1
45
---
25
1 2 1
1 3 1
1 3 1
1 3 1
1 3 1
1 3 1
1 7 3 1
1 2 5 1
1 2 4 1
3 2 1
2 1 1
2 1 1
2 1 1 1
2 2 1 1
2 1 1
2 1 1
3 2 1
1 2 2 3 1
1 2 2 2 3
1 7 2 2
1 8 2
1 3 2 1
1 2 2 2 1
1 1 1 1 1
1 4 1 1 1
1 1 1 1 1
1 4 1 1 1
1 1 1 1 1
1 4 1 1 1
1 1 1 1 1
1 4 1 1 1
1 1 1 1 1
1 4 1 1 1
1 1 1 1 1
1 4 1 1 1
1 1 1 1 1
1 2 2 2 1
1 3 2 1
1 8 2
1 2 2
1 2 3
1 3 1
1 1
25