# 0.00960
18 2 1 1 1 1 2
18 2 1 1 1 1 2
2 2 17
2 2 2 1 1 1 1 1 1 2
18 2 1 1 1 1 1 1 1 1 1 2
12 4 2 2 1 1 1 1 1 1 2 2
6 6 3 2 1 1 1 1 1 1 1 1 1 2
5 3 2 2 2 17 2
4 4 2 1 2 1 1 1 1 1 1 2
3 1 2 2 1 2 1 1 1 1 1 1 2
2 2 2 1 2 1 1 1 1 1 1 2
3 2 2 1 2 1 13 1 2
3 2 2 1 2 1 1 1 1 1 1 2
3 2 2 1 2 1 1 1 1 1 1 2
2 2 2 1 2 1 1 1 1 1 1 2
3 1 2 2 1 2 1 1 1 1 2
4 4 2 1 2 1 1 1 1 2
5 3 2 2 2 1 1 1 1 2
6 6 3 2 1 1 1 1 2
12 4 2 1 1 1 1 2
18 2 1 1 1 1 2
2 2 1 1 1 1
2 2 1 1 1 1
18 2 1 1 1 1 2
18 2 1 1 1 1 2
---
2 2
2 2
2 6 6 2
2 6 6 2
2 6 6 2
2 5 5 2
2 4 4 2
2 3 3 2
2 2 2 2
2 17 2
2 5 5 5 2
2 5 3 5 2
2 3 2 2 3 2
2 3 7 3 2
2 1 2 5 2 1 2
2 1 2 2 1 2
2 2 9 2 2
2 3 7 3 2
2 4 4 2
2 17 2
2 2
2 2
2 17 2
2 17 2
0
13
2 1 1
3 1 19
2 1 1 1
1 1 2 1
2 1 1 1
3 1 19
2 1 1 1
1 1 2 1
2 1 1 1
3 1 19
2 1 1 1
1 1 2 1
2 1 1 1
3 1 19
2 1 1
13
0
2 17 2
2 17 2