# 0.01460
3 3 3 3 3 3 3 1
1 1 1 1 1 1 1 1 1 1 1 1 1 1 3
2 3 3 3 3 3 3 3
42
2 1 1
1 1 1 2
2 1 4 2 1 1
1 1 2 2 3 2
2 2 1 1 2 2 3
3 2 2 6 2 2
2 1 1 2 1 2 1 1
1 1 2 1 1 5 1 2
2 1 1 1 1 1 2 1 1
1 1 1 1 8 2
2 1 1 8 3
3 2 2 6 2
2 2 2 6 1 1
1 1 6 6 1 2
2 1 6 1 1
1 1 2
2 3
42
1 3 3 3 3 3 3 1 1
1 1 1 1 1 1 1 1 1 1 1 1 1 1 1 2
2 2 3 3 3 3 3 4 1
---
2 3 3 3 2
2 1 1 1 1 1 1 1
1 2 3 3 3
2 19 2
1 1 1 1
2 2
3 3
2 2
1 1 1 1
2 1 5 1 2
1 1 3 2 1 1
2 2 2 2
3 2 1 3
2 2 1 2
1 1 1 1 1 1
2 1 1 1 1 2
1 1 2 2 1 1
2 3 2 2
3 7 3
2 2
1 1 1 1
2 1 1 2
1 1 1 1
2 2 2 2 2
3 2 2 6 3
2 3 6 2
1 1 10 1 1
2 1 2 6 1 2
1 1 2 6 1 1
2 8 2
3 2 2 3
2 2 2
1 1 2 2 1 1
2 1 2 2 1 2
1 1 1 1
2 2
3 3
2 2
1 1 1 1
2 1 1 2
1 1 1 1
23
3 3 3 3
2 1 1 1 1 1 1 1
2 3 3 3 3