# 0.00668
1 11 1 1 1
1 1 1 1
1 9 1 2 2 1
4 4 1 1 1 2
2 5 2 1 1 1 1
2 9 2 7
2 5 5 2 1 1
1 3 5 3 1 7 5
2 7 7 2 1 1 1 2
1 2 3 1 3 2 1 2 5 2
1 8 8 1 3 2
1 6 1 8 2 21
1 2 2 1 5 2 2 21
1 6 10 2 2 3 2 3
1 17 1 2 2 2 2
1 2 9 2 1 2 2 2 2
2 15 2 2 2 2 2
1 3 5 3 1 2 2 2 2
2 5 5 2 2 2 2 2
2 9 2 2 2 2 2
2 5 2 2 2 2 2
4 4 3 2 3 2
1 9 1 3 2 3 2
1 1 3 3
1 11 1 3 3
---
9
3 3
2 5 2
6 9 6
2 5 5 2
1 1 3 5 3 1 1
1 2 15 2 1
1 1 2 4 4 2 1 1
1 1 7 1 7 1 1
1 1 5 2 8 1 1
1 1 2 1 1 5 2 1 1
1 1 5 11 1 1
1 1 17 1 1
1 1 2 9 2 1 1
1 2 15 2 1
1 1 3 5 3 1 1
2 5 5 2
6 9 6
2 5 2
3 3
9
3
2
16
1 14
1 3 2
1 14
1 14
1 1 1 3
1 4 2
4 1 2
1 1 2
1 4 1 2
2 1 1 2
1 3 1 2
1 4 2
1 1 1 2
1 2
1 12
2 12
2 2 2
5
15
14
2