# 0.00990
3 9 3
4 9 3
4 9 2
5 9 2
5 1 8 2
5 1 9 2
5 2 9 3
4 2 9 3
4 3 10 4
5 10 10 4
16 14 5
15 14 5
7 4 4 6 6
8 3 3 6 6
3 10 13 6
2 9 12 6
2 3 3 11 6
2 3 11 6
2 2 11 6
3 2 11 5
4 1 1 12 5
4 4 11 4
4 4 11 4
5 3 12 4
5 4 12 4
5 2 2 12 5
5 1 2 13 5
5 2 3 14 5
5 1 17 6
5 2 20
5 2 30
5 1 2 10 16
5 1 1 7 1 14
5 1 2 3 12
5 3 6 10
6 13 8
8 3 11 8
15 22
40
40
---
40
40
15 21
13 20
4 5 17
5 5
6 5 4
3 4 4 4
3 3 3 3
3 3 3 1 3
3 2 2 3 4 4
4 2 3 4 1 1 4
10 2 2 2 1 4
9 3 2 3 1 3
9 1 2 3 1 3
7 1 3 1 2
4 2 3 1 2
1 3 1 2
4 1 3 1 3
6 2 3 5
7 6 6
3 7 15
2 8 8 7
2 3 17 7
4 4 18 6
12 19 6
33 5
33 5
34 4
34 4
35 3
13 18 3
9 20
4 3 11
7 12
11 15
32
2 34
40
40