# 0.00792
7
2 4
2 6
2 11
8 2
6 2
2 6
2 15
14 1
6 2
2 7
2 15
15 2
7 2
4 2
21
4 7 2
5 7 2
3 2 5 7 2
2 2 2 7 2
2 2 3 1 7 2
2 2 1 1 5 2
3 2 1 3 2
5 1 2
4 1 2
2 1 2
2 3 2
2 2
2 2
2 2
21
21
7 7
19
19
17
15
13
11
7
---
5
7
3 3
2 2
33
35
1 2 2 4 6
1 2 2 4 1 1 7
1 2 2 2 1 1 2 8
1 3 3 2 1 1 1 9
2 2 2 3 1 1 9
1 2 2 2 1 2 2 7
3 2 2 1 8 2 7
3 2 2 1 1 2 7
2 2 2 1 1 2 7
2 2 2 6 2 7
2 2 2 7 2 7
2 3 2 8 2 7
1 2 3 8 9
2 2 2 8 9
4 2 7 8
3 2 6 7
2 2 1 6
28
24