# 0.00531
2 2
3 3
4 4
5 5
6 6
6 1 6
6 3 6
6 2 2 2 2 6
6 3 1 1 3 6
6 13 6
6 3 5 3 6
5 1 2 1 2 1 5
4 1 1 2 2 1 1 4
3 1 2 1 2 1 3
4 3 5 3 4
5 3 3 3 5
6 6 6 6
7 5 5 7
7 13 7
7 1 1 7
29
4 4 1 1 4 4
3 3 3 1 3 3 3
2 3 3 1 3 3 2
6 3 6
13
3 3 3
3 5 3
3 5 3
3 3
3 3 3
3 5 3
3 3
5 5
2 6 2
3 3 3
13
7
---
8
10
12
6 7
6 7
6 7
6 7
6 7
6 2 1
6 5
6 5
5 30
4 5 2 13
11 1 2 9 2
1 1 1 3 1 2 1 1 2
4 1 1 3 1 2 1 2 1 2 2
2 2 1 3 1 2 5 2 4
2 3 3 1 1 7 2 4
2 2 1 3 1 2 5 2 4
4 1 1 3 1 2 1 2 1 2 2
1 1 1 3 1 2 1 2 2
11 1 2 9 2
4 5 2 13
5 30
6 5
6 5
6 2 1
6 7
6 7
6 7
6 7
6 7
12
10
8