# 0.00946
8
15
21
25
29
34
39
41
43
43
45
46
47
43
45
45
47
48
48
48
49
49
48
47
46
46
47
46
46
47
47
48
49
49
49
48
46
45
45
46
46
46
45
45
44
44
44
45
46
45
45
42
40
35
30
28
30
30
30
31
30
31
30
29
30
29
29
29
29
29
31
33
35
37
38
40
41
---
2
4
3 5
5 3 8 3
6 8 18 2
7 31 5
47
47
48
49
50
50
50
51 1
52 2
53 3
55 4
58 4
61 5
62 6
64 6
67 7
76
77
77
77
77
77
77
77
77
76
76
75
75
75
74
74
73
72
72
72
71
71
46 21
44 21
41 20
40 18
39 16
19 5 13
11 2 9
5 7
5
2