# 0.00790
5
7
7 7
9 1 1
9 1 3 1
5 1 2 1
5 1 1 1
11 1 3 1
4 4 1 1
5 6 1 3 1
5 6 1 1 1 1
3 2 2 5 1 2 1
3 6 4 1 1 1 1
3 6 4 1 2 1
3 12 1 1
4 11 1 1 1
4 6 3 1 3 1
4 2 1 3 1 1 1
3 2 2 1 3 2 1 3 1
5 2 5 3 1 1 1
3 4 1 7 1 1
2 2 1 1 5 7
1 2 2 1 4 1
2 1 3 3 1 1 1
2 2 2 4 1 8 1
2 1 1 1 2 1 2 9 1
2 2 1 1 2 1 2 7 1
2 1 2 2 1 5 7 5
1 2 2 2 1 5 6 6
1 2 1 1 1 3 5 2
1 2 1 1 1 19
1 1 1 1 1 1 1 2 2 1
1 1 1 1 1 2 17
2 1 1 1 1 3 17
1 2 1 1 1 1 17
1 1 1 1 1 3 1
1 1 1 1 2 3 2 1
14 17
2 2 4 4
4 4 2 2
---
11 2
13 2 5
2 13 2 6 1
4 4 3 4 2 2 2 1 1
8 6 4 2 1 4 3
8 10 2 6 3
8 6 2 1 8 1 1
8 6 1 2 4 1
8 8 3 1 8 1
4 4 5 2 2 3 1 1
2 5 3 1 2 2 6 3
9 1 4 3
8 4 8 3 1
11 2 1
10 2 5
8 3
6
9 1
3 4
19
3 6 3 1
2 2 1 3 2
2 5 4
6 5 4
7 3 2
7 3 1
7 6
7 6
7 6
20 4 1 3 1
1 1 1 1 1 3 2
1 2 1 4 1 1 1 2 5 4
1 4 1 1 1 5 1 2 5 4
1 1 1 2 2 1 1 1 2 1 3 2
1 1 4 3 1
36