# 0.01654
6 14 6
1 16 1
1 18 1
1 3 4 4 1
1 2 3 1
1 2 2 1
1 2 2 1
1 2 2 1
1 2 5 5 2 1
1 2 1 1 2 1
1 1 5 5 1 1
1 4 2 4 2 4 1
1 1 1 1 2 1 1 2 1 1 1 1
1 1 1 2 2 2 2 1 1 1
1 1 2 3 1 1 3 2 1 1
1 2 1 1 1 1 2 1
1 1 1 1 1 1 1 1
1 2 8 2 1
1 2 2 2 1 1 1
1 2 1 6 1 2 1 1
1 3 4 1 1
1 3 2 3 1 1 1
1 10 6 1
1 5 6 3 1
1 1 1 1 1 1
1 1 5 6 2 5 1
1 1 6 3 1 1
1 1 5 2 1 1
1 1 4 2 2 2 5 1
2 1 4 2 2 2 1 1
---
28
1 1
1 1
1 4
1 1 2 5
1 11 1 1
1 8 1 5 1 5
3 3 2 1 5
4 1 1 1 2 1 5
3 1 1 1 2 1 5
3 1 3 1 6 3
3 1 3 1 2 2 1 1
3 1 1 1 1 1 1 2 1 2
4 1 4 2 1 2 1 2
4 1 1 1 3 1
4 1 1 1 3 1
4 1 4 2 1 2 1 2
3 1 1 1 1 1 1 2 1 2
3 1 3 1 2 2 1 1
3 1 3 1 6 3
4 1 1 1 2 1 5
4 1 1 1 2 1 2
4 3 5 4
1 8 1 4 1 1 2
1 11 1 1 1 1
1 1 2 5 1 1
1 4 1 1 1
1 1 1
1 1
22 6