# 0.00259
11 11
7 2 7
5 2 2 5
4 2 2 4
3 16 3
3 3
1 1
3 16 3
2 3 2 4 2 3 2
2 4 1 2 1 4 2
2 6 4 6 2
3 4 6 4 3
3 4 6 4 3
3 3 6 3 3
2 1 2 4 2 1 1 2
1 1 3 3 1 1
1 1 1 8 1 1 1
1 1 1 1 1 1 1 1 1 1
1 1 1 1 1 1 1 1 1 1 1
1 1 1 1 1 1 1 1 1 1 1
1 1 1 1 1 1 1 2
2 9 3
5 2 3
4 2 3
---
24
6 8 3
6 1 3 2
4 3 2
3 1 6 7
2 1 9 1
2 1 1 5 6
1 1 2 6 1
1 2 2 1 8
1 3 1 1 3 2 1
1 1 1 2 5 6
1 1 8 1 3
1 1 8 1 3
1 1 1 2 5 5
1 3 1 1 3 2
1 2 2 1 6
1 1 2 6
2 1 1 5 4
2 1 9
3 1 6 5
4 3 1
6 1 3 2 3
6 8 4
24