# 0.01502
6
6 2
5 4
5 6
4 6
3 6
1 6
4 2
2 5
7 5
10 6
12 6
3 6 3 4
3 6 3 2
1 2 6 2 2
2 6 2
3 3 6 2
3 8 6 2 1
2 3 10 2 3
2 8 2 1
3 20 1
4 6 3 1
3 6 4
1 6 3
5
1 1
1 1 2
2 4 2
4 6 3
6 2 6 1 3
6 4 1 4 2 3
7 5 2 3 3 3
6 5 11 2
4 4 9 1
4 4 7 4
6 6 7 2 3
5 7 7 4 1
5 7 7 6 1
5 7 7 6 1
5 7 6 4 1
---
7 5 2 9
6 4 2 11
6 2 2 12
5 2 13
4 2 6 5
2 2 5 1
2 3
2
2
2
2
2 2 5
3 2 2 6
3 2 10
3 2 11
3 2 11
4 15 4 5
6 18 4
24 3
24 3
6 18 2 7
4 16 4 8
2 2 14
3 1 14
3 1 13
3 1 2 8
2 1 8
1 3
1 3 2
1 3 4
1 5
4 1 5
5 1 4
14 2
15
5 2
2 2 1
1 2 4 2
7 6 2
1 2 13