# 0.00780
11 3
3 8
7 7 5
3 13 2
1 23 2
2 26 2
1 27 2
1 29 3
2 7 9 3
1 5 3 4 3 7 2
1 6 3 1 1 1 1 2 7 2
1 5 2 1 1 1 1 2 4 2
1 4 3 1 1 1 1 3 2 2
1 4 1 1 4 1 3 1
1 4 1 1 1 5
1 4 1 1 4 1 3 2
1 4 3 1 1 1 1 3 1 1
1 5 2 1 1 1 1 2 4 2
1 5 3 1 1 1 1 2 6 2
3 5 3 4 3 7 2
1 7 9 2
1 31 1
1 31 2
2 25 2
1 20 7
4 17 4
1 4 4
10 5
8
---
10
2 1
4 7 5
3 8 3
1 15 1
2 19 1
1 7 7 3
1 7 5 6 1
1 7 1 1 8 1
1 5 2 2 6 1
1 5 2 2 6 1
2 4 1 1 5 1
1 4 2 2 5 1
2 5 1 1 5 1
1 5 11 5 1
1 6 5 2
1 6 5 5 5 1
1 6 1 1 1 1 6 1
1 6 1 1 1 1 6 1
1 6 5 5 6 1
1 6 6 1
1 6 11 5 1
1 5 1 1 5 2
2 5 2 2 5 1
1 5 2 2 5 1
1 6 2 2 5 1
1 5 1 1 6 2
3 7 2 2 7 1
3 7 1 1 7 1
3 8 3 7 2
2 8 1 7 1
2 7 1 6 2
2 5 2 5 2
2 3 6 3 1
3 2 2 2 1
3 2 2 1 1
4 2 1
2 5
2