# 0.01335
66
1 1 5 5 7 5 6 1
1 1 5 5 7 5 6 1
1 3 9 9 11 9 8 1
1 1 1 1 3 1 1 3 1 1 2 3 1 1 3 1 1 3 1 1
1 1 1 1 3 1 1 3 1 1 2 3 1 1 3 1 1 3 1 1
1 1 1 1 3 1 1 3 1 1 2 3 1 1 3 1 1 3 1 1
1 1 3 3 3 3 3 2 3 3 3 3 3 1 1
1 1 1 1 1 1 1 2 1 1 1 1 1 1 1
1 1 1 1 1 1 1 2 1 1 1 1 1 1 1
7 1 1 1 1 1 2 1 1 1 1 1 7
1 1 1 1 2 1 1
2 2 1 2 1 1
1 1 1 1 2 1 1
5 1 2 1 1
1 5 2 1 1
1 1 1 1 2 1 1
1 2 2 2 1 1
1 1 1 1 2 1 1
7 1 1 1 1 1 2 1 1 1 1 1 7
1 1 1 1 1 1 1 2 1 1 1 1 1 1 1
1 1 1 1 1 1 1 2 1 1 1 1 1 1 1
1 1 3 3 3 3 3 2 3 3 3 3 3 1 1
1 1 3 1 1 3 1 1 3 2 1 1 3 1 1 3 1 1 1 1
1 1 3 1 1 3 1 1 3 2 1 1 3 1 1 3 1 1 1 1
1 1 3 1 1 3 1 1 3 2 1 1 3 1 1 3 1 1 1 1
1 8 9 11 9 9 3 1
1 6 5 7 5 5 1 1
1 6 5 7 5 5 1 1
66
---
30
1 1 1 1 1 1
1 2 7 1
1 1 1 2 1 1 1
1 7 2 1
1 1 1 1 1 1
30
1 1 4
1 5 8
1 4 11
1 5 8
1 1 4
4 1 1
8 5 1
11 4 1
8 5 1
4 1 1
1 1 4
1 5 8
1 4 11
1 5 8
1 1 4
4 1 1
8 5 1
11 4 1
8 5 1
4 1 1
1 1 4
1 5 8
1 4 11
1 5 8
1 1 4
30
30
4 1 1
8 5 1
11 4 1
8 5 1
4 1 1
1 1 4
1 5 8
1 4 11
1 5 8
1 1 4
4 1 1
8 5 1
11 4 1
8 5 1
4 1 1
1 1 4
1 5 8
1 4 11
1 5 8
1 1 4
4 1 1
8 5 1
11 4 1
8 5 1
4 1 1
30
1 1 1 1
1 1 1 1
1 1 1 1
1 1 1 1
1 1 1 1
30