# 0.00571
30
15 13
15 14
16 13
15 13
15 13
13 9
12 8
10 7
10 4 6
9 10 5
8 4 5 3 5
8 5 5 9
9 4 5 2 6
9 5 1 3 6
9 2 1 2 6
10 4 2 7
7 6 5 5
5 3 3 7 3
5 2 2 3 2 2
5 1 1 2 4 2 2
5 1 1 2 1 8 1 2
5 3 3 1 2 4 1 2
5 3 3 1 2 1 2 2
5 3 3 1 2 1 1 2
5 3 3 1 2 1 1 2
5 3 3 1 2 1 1 2
5 3 3 1 2 1 1 2
5 3 3 1 2 1 1 2
5 3 3 1 2 1 1 2
5 3 3 1 2 1 1 2
5 2 7 1 2
5 14 2
5 2 2
5 9 2
3 18 1
1 22 1
1 25
30
1 6 1 4 1
1 5 1 4 1
1 5 7 4 1
1 5 7 4 1
1 5 1 4 1
1 5 1 4 1
1 11 1 4 1
1 11 1 4 1
1 1 1 1
1 1 2 2
30
---
50
36 1 1
36 1 1
35 1 1
35 10 1
18 10 1
18 3 11 1
17 2 10 11 1
11 4 1 11 14
10 1 1 1 9 5 2 1
8 5 1 4 2 1
8 5 1 9 4 2 1
7 5 2 10 4 2 2 1
6 5 3 10 1 4 2 2 1
6 1 1 4 1 4 2 2 1
1 1 5 15 1 4 2 1
1 1 5 1 5 2 1
6 24 5 2 2
6 5 17 16
6 4 3 1 2 5 1
6 1 1 2 2 2 5 1
7 6 2 3 2 5 1
8 5 1 13 13 1
9 2 1 1 3 2 13 1
10 5 1 2 1 13 1
18 2 1 2 12 1
18 14 4 1
19 3 1
35 2 2
37 12