# 0.00499
18
20
1 12 1
3 5 7 1
2 5 5 2
2 4 2 4
2 1 1 2
6 6
7 7
1 3 3 1
3 2 4 1
2 3 6 3 2
1 4 8 2 3
1 2 10 2 1
11 10
13 10
13 12
12 13
12 11
3 14 3
5 4 6 3
4 5 5 4
3 6 4 5
3 4 4 3
10 10
10 10
3 4 3 4
5 4 5 4
4 5 4 5
3 6 3 6
3 4 3 4
10 10
10 10
10 10
3 4 4 3
5 4 6 3
4 5 5 4
3 6 4 5
4 3 3 4
10 10
10 10
---
3
9
16
25
26 2 2
4 2 12 2 3 1 1 2
8 1 1 5 2 2 1 1 3 2 2
2 2 2 2 5 1 1 2 2 10
2 1 1 12 2 17
2 2 34
10 24
6 19
5 13
5 9
4 9
3 3 2 1
3 3 1 1 1
4 3 2 1
5 9
5 13
6 19
10 24
2 2 34
2 1 1 12 2 2 2 10
2 2 2 2 5 1 1 2 1 1 10
8 1 1 5 2 2 2 3 2 2
4 2 20 1 1 2
26 2 2
25
16
9
3