# 0.01368
3 8 2 1 1 25
3 7 1 2 3 24
3 6 3 2 1 1 23
3 7 1 2 13 10
3 8 1 2 15 9
3 6 2 1 2 1 11 8
3 8 6 10 7
3 10 13 6
3 10 14 1 5
3 9 12 1 5
3 8 11 1 5
3 8 4 2 1 5
3 8 3 1 2 6
3 9 4 1 2 7
3 10 6 3 8
3 4 4 4 5 6
3 2 4
3 1 33 3
3 1 3
3 3 2 2 2 2 5
3 3 10 10 5
3 3 2 23 2 5
3 3 2 23 2 5
3 3 2 23 2 5
3 3 2 23 2 5
3 3 2 9 4 2 5
3 3 3 10 3 5
3 3 2 9 4 2 5
3 3 1 25 1 5
3 3 27 5
3
2 27
1 4 1 1 5
5 1 1 1 5
6 1 2 1 1 1 1 2 1 5
7 1 2 2 1 2 2 1 5
6 1 1 4
6 27 4
6 4
6 4
7 2 2 5
7 1 4 4 1 5
6 10 10 4
5 29 3
5 31 3
---
33 10
32 11
31 12
13
30 13
17 11 11
16 11 4 2
16 1
15 1 1
15 1 9 4
2 2 9 1 9 1 7 3
1 1 11 1 2 1 2 1 1 3
2 1 3 2 1 6 3 1 1 3
1 3 3 1 1 6 3 1 2 1 4
2 2 1 1 6 3 1 2 1 5
2 1 1 1 1 7 3 1 1 5
1 5 1 1 7 3 1 1 4
1 1 2 1 1 6 3 1 1 3
3 1 3 1 1 6 3 1 1 3
1 2 3 2 1 5 3 1 1 1 2
1 1 1 9 1 5 3 1 1 1 2
2 12 1 4 1 2 1 1 1 2
15 1 4 1 2 1 1 1 2
12 1 1 4 1 2 1 1 1 1 2
11 2 1 4 1 2 1 1 1 2
11 1 1 4 1 2 1 1 1 2
11 1 1 4 1 2 1 1 1 2
11 1 1 4 1 2 1 1 1 2
11 1 1 5 1 2 1 1 3
15 1 5 1 2 1 1 3
6 8 1 6 1 2 1 1 4
6 1 1 1 7 3 1 1 5
5 1 1 6 3 1 2 1 5
4 1 1 6 3 1 2 1 4
3 1 1 6 3 1 1 3
4 1 1 2 1 2 1 1 3
5 1 1 9 1 7 3
6 1 1 9 4
7 4 2 1 1
8 4 1
16 11 4 2
17 11 11
30 13
30 13
30 13