# 0.00961
3
1
1
1
3
0
3 1
1 2
1 1
1 1
3 1
0
1 2 4
2 1 2
1 3 2
1 1 2
1 2 1
0
19
3 1 13
1 1 13
1 1 1 13
1 1 13
3 1 13
19
3 1 1 13
1 2 1 13
1 1 1 1 13
1 1 1 13
3 1 1 13
19
1 1 1 1 7
2 2 1 1 7
1 1 1 1 1 1 7
1 1 1 1 7
1 1 1 1 7
19
2 1 13
1 1 13
3 1 1 13
1 1 13
2 1 13
19
1 1 7 7
2 2 7 7
1 1 7 1 7
1 1 7 7
1 1 7 7
19
---
1 2 1 1
1 1 1 5 5
2 1
1 2 1 1 1
1 1 1 1 1 1 1 1 1
2 1 5 5 3 5
0
31
1 1 1 1 7
1 2 1 1 1 1 1 7
1 1 1 5 1 1 1 1 1 1 1 1 7
2 1 1 1 1 1 7
1 1 1 1 7
31
13 7 1
1 2 1 1 1 1 13 7 1
1 1 1 5 1 1 1 13 1 7 1 1
2 1 3 13 7 1
13 7 1
31
31
1 2 31
1 2 31
3 31
2 31
31