# 0.00937
1
5 3
10 1
12 1
4 1 1 1 4
3 1 1 1 3 1 1
2 1 13
3 8 1
11 4 1
12 1 1
12 6
13 3 2
8 4 1 2
8 4 1 2
4 3 5 3
4 4 4 3
4 4 5 2 1
5 3 5 4
5 11 1
5 10 4
16 1
15 1
14 3
11 4 3
7 2 2 2
1 8 1
3 6 4
1 1 1 4 1
2 11 1 1
4 2 3 3
2 1 2 3 2
7 2 1 6 2
2 4 4 3 6
4 1 1 3 1
5 1 2 2 1
3 1 2 4 1
8 2 3 3 2
2 4 5 8
2 4 1 2 1 1 1 2
1 3 2 2 2 1 1 1 1
9 2 1 1 1 1 1
5 2 1 2 2 1 1 1 1
9 2 1 1 1 2 2
1 5 2 2 2 1 1 2
8 2 3 4 2 1 3
---
2 2 1 1 7
10 2 8 3 1
14 1 1 5 3 1
17 8 7
19 6 1 7
9 8 2 5 3
2 9 5 2 5 5
21 1 2 6
2 18 4 1
9 10 2
2 9 14 3
22 1 2 2 3
2 19 1 1 3 2 1
25 2 1 2 2 2
3 2 9 2 2 1 4 4
6 8 2 2 1 2 3
3 2 2 4 1 2 2 1 3
6 1 2 1 1 2 1 3 2 4
3 1 1 3 1 1 1 2 1 3 6 2
6 1 2 3 1 1 2 1 1 2 1
2 1 1 2 2 1 4 2 2 1 2 5 1
3 4 1 7 3 1 2 5
2 1 1 1 2 4 3 6
1 1 2 5 2 3 1
2 3 1 1 6
1 7 1 3
3 1
2 2 1
3 3
4