# 0.01319
0
4
2 2
1 2 2 1
2 2
2 2
1 1
12
1 1
1 2 1
1 4 1
1 4 1
1 4 1
1 4 1
1 4 1
12
1 1
1 1
1 2 1
1 2 1
1 1
1 4 1
1 2 2 1
1 1 2 2 1 1
5 5
1 1
16
1 1
16
13 13
1 1
1 4 4 4 4 4 1
1 2 2 2 2 2 2 2 2 2 2 1
1 1 1 1 1 1 1 1 1 1 1 1
1 1 1 1 1 1 1 1 1 1 1 1
1 1 1 1 1 1 1 1 1 1 1 1
1 1 1 1 1 1 1 1 1 1 1 1
1 1 1 1 1 1 1 1 1 1 1 1
40
1 1
1 4 4 4 4 4 1
1 2 2 2 2 2 2 2 2 2 2 1
1 1 1 1 1 1 1 1 1 1 1 1
1 1 1 1 1 1 1 1 1 1 1 1
1 1 1 1 1 1 1 1 1 1 1 1
1 1 1 1 1 1 1 1 1 1 1 1
1 1 1 1 1 1 1 1 1 1 1 1
1 1 1 1 1 1 1 1 1 1 1 1
1 1 1 1 1 1 1 1 1 1 1 1
40
---
21
1 1 1
1 7 9
1 2 1 2 1
1 1 1 1 1
1 1 1 1 1
1 2 1 2 1
1 7 9
1 1 1
1 7 9
1 2 1 2 1
1 1 1 1 1
7 1 1 1 1
1 1 1 2 1 2 1
1 20 1 1 7 9
2 1 1 1 1 1 1 1
2 1 1 2 1 1 1 1
2 1 1 2 1 1 7 9
2 1 6 2 1 1 2 1 2 1
1 1 7 2 1 1 1 1 1 1 1
1 1 7 2 1 1 1 1 1 1 1
2 1 6 2 1 1 2 1 2 1
2 1 1 2 1 1 7 9
2 1 1 2 1 1 1 1
2 1 1 1 1 1 1 1
1 20 1 1 7 9
1 1 1 2 1 2 1
7 1 1 1 1
1 1 1 1 1
1 2 1 2 1
1 7 9
1 1 1
1 7 9
1 2 1 2 1
1 1 1 1 1
1 1 1 1 1
1 2 1 2 1
1 7 9
1 1 1
21