# 0.00904
9 10
9 1 11
10 3 2 11
14 13
13 13
1 4 6 11 2
1 3 1 4 3 1 3 2
4 8 14
13 14
13 14
13 14
4 5 14
3 5 6 4
3 4 3 4
3 3 3 4
3 3 2 4
3 3 2 4
2 2 2 3
3 2 1 3
2 1 1 1 4
3 1 1 2 2
4 1 1
3 4
4
0
0
2
4 3 5
2 4 2 3
3 4
5 6
20
15 4
1 13 4
1 11 4
1 1 4 4
1 6 4
1 6 1 2 1
2 1 3 4 1
2 4 2 2
2 1 2 2 2
3 3 2 3
3 3 1 3
4 2 1 4
5 2 1 5
5 4 2 5
6 2 2 6
6 3 2 6
8 4 1 7
13 2 8
---
17 4 12
5 12 13
19 9
12 2 7
7 3 1 2 6
6 4 13 4
5 4 8 2 2
11 2 1 9 2 2
6 5 2 10 2 1 1
11 2 1 20
11 2 1 19
15 2 2 4 1 3
19 2 1 4 2
3 7 1 1 4
1 1 4
2 4
1 1 14 1 1 3
16 1 1 3
12 2 2
12 1 3 1
6 6 1 1 2 5
13 1 19
6 5 10 4 1
6 5 12 2
12 12 4
12 2 6
22 7
5 13 9
20 11
17 13