# 0.00429
32
32
1
1
1
1
1
1
1
1
1
1
1
1
1
1
1 27
1 2 21 2
1 1 1 2 2 3 2 2 1 1
3 1 1 1 1 1 1 1 2
4 2 1 1 1 1 1 2 3
8 1 1 1 1 1 7
8 1 1 1 1 1 7
8 1 1 1 1 1 7
8 1 1 1 1 1 7
8 1 1 1 1 1 7
8 1 1 1 1 1 7
8 1 1 1 1 1 7
8 1 1 1 1 1 7
8 1 1 1 1 1 7
9 2 2 1 2 2 8
32
---
32
2 13
2 15
2 2 12
2 1 11
2 1 11
2 2 12
2 16
2 2 2
2 3 1
2 16
2 2 2
2 3 1
2 16
2 2 2
2 3 1
2 16
2 3 1
2 2 2
2 16
2 3 1
2 2 2
2 16
2 3 1
2 2 2
2 16
2 2 12
2 1 11
2 1 11
2 2 12
2 15
2 13