# 0.00961
9 8
2 4 11 7
2 2 1 3 1 3 1 2 2
2 2 1 2 1 1 2 1 2 2
2 2 1 2 7 2 1 2 2
2 2 1 1 1 3 3 1 1 1 2 2
2 2 1 2 2 3 2 2 1 2 2
2 2 1 1 1 1 5 1 1 1 1 2 2
2 2 1 1 2 7 2 1 1 2 2
2 2 1 1 1 3 3 1 1 1 2 2
2 2 1 1 1 2 1 1 1 2 1 1 1 2 2
2 2 1 1 1 1 1 1 1 1 2 2
2 2 1 1 1 3 1 1 1 2 2
2 2 1 1 1 2 2 1 1 1 2 2
2 2 1 1 1 2 2 1 1 1 2 2
2 2 1 1 1 1 1 1 1 1 1 1 1 2 2
2 2 1 1 1 2 2 1 1 1 2 2
2 2 1 1 1 2 2 1 1 1 2 2
2 2 1 1 1 3 1 1 1 2 2
2 2 1 1 1 3 1 1 1 2 2
2 2 1 1 1 1 1 1 2 2
2 2 1 1 1 1 1 1 1 1 1 2 2
9 1 1 1 1 1 1 8
9 1 1 1 1 1 1 1 8
2 2 1 1 1 1 1 1 2 2
2 2 1 2 1 1 1 1 1 2 1 2 2
2 2 1 2 2 2 2 1 2 2
9 15 8
9 1 1 8
2 2 1 21 1 2 2
2 2 1 1 2 2
2 2 1 19 1 2 2
2 2 1 2 2 1 2 2
2 2 1 1 1 1 2 2
2 2 1 21 1 2 2
2 2 1 1 1 1 1 1 1 1 1 2 2
2 2 1 2 1 2 2 2 2 1 2 1 2 2
2 2 1 2 1 1 1 1 1 2 1 2 2
2 2 1 15 1 2 2
2 2 1 1 1 1 2 2
---
1 2 2
40
40
1 2 2
2 2 2
40
40
2 2 2
1 38
0
18 2 2 5
3 2 1 2 1 2
2 1 1 1 1 1 1
2 1 20 1 1 1 1 1
1 3 2 1 1 2 2
2 2 2 1 5 1 1 1 1 1 1
1 1 1 2 1 1 1 1 1 1
1 2 2 3 1 1 1 2 2
1 1 4 2 2 1 1 1 1 1 1
1 1 3 2 3 1 1 1 1 1 1
2 1 3 1 1 1 2 1 1 1 1 1 1 2 2
1 1 3 2 3 1 1 1 1 1 1
1 1 4 2 2 1 1 1 1 1 1
1 2 2 3 1 1 1 2 2
1 1 1 2 1 1 1 1 1 1
2 2 2 1 5 1 1 1 1 1 1
1 3 2 1 1 2 2
2 1 20 1 1 1 1 1
2 1 1 1 1 1 1
3 2 1 2 1 2
18 2 2 5
0
1 38
2 2 2
40
40
2 2 2
2 2 2
40
40