# 0.02608
40
3 2 2 3
5 5 5
1 2 7 2 1
3 9 3
2 2 2 2
1 1 1 1
10 2 2 21
1 1 1 1 1
1 1 1 1 15 1
1 1 1 1 1 2 2 1
1 1 3 1 1 6 1 1
1 2 5 20 1
1 5 3 4 5 1 1 1 1
1 3 2 2 5 5 1 1 1 1
1 2 3 3 5 7 1 1 1
1 2 7 4 6 1 1 1
1 2 5 2 4 1 1 1
1 1 5 2 3 2 3 1 1 1
1 1 1 1 2 1 3 1 1 1
1 1 1 2 2 1 1 3 1 1 1
1 1 1 1 1 1 2 3 1 1 1
1 1 1 3 3 1 3 1 1 1
1 1 1 1 4 2 6 1 1
1 1 8 2 2 2 2 2 1
1 1 1 1 1 2 2 3 1 1
1 1 1 1 4 3 4 1 1
1 2 1 1 5 5 1 1
1 11 7 1 7 1 1
1 1 1 7 7 1 1
1 1 1 3 5 4 4 1 1
1 1 6 10 4 1 1
1 1 3 4 10 4 1 1
1 1 2 4 8 5 1 1
2 1 2 4 6 6 3
3 1 2 2 4 4 6 3
1 2 4 1 1 4 2 6 2 1
5 1 1 3 5 5 1 5
3 2 1 6 3 3 2 2 3
21 1 1 10
---
40
3 2 1 2 3
5 1 5
1 2 1 11 2 1
3 1 2 2 3
2 1 2 9 2
1 1 2 1 1 1
1 1 1 5 1 4
1 1 2 1 1 2 1
1 9 1 1 1 2 1
1 2 2 1 1 1 2 1
1 2 4 1 1 1 2 1
1 3 1 9 5 1 1
1 3 1 3 4 3 1 1 2 1 1
1 3 2 3 10 5
1 3 6 4 3 2 2
1 3 1 9 8 3
1 2 4 11 4
1 2 2 2 10 3
1 8 5 1 4 4 2
1 1 1 10 6 4 1
1 1 7 2 6 4
1 1 2 5 1 2 7 4
1 1 1 5 1 1 6 2
1 1 1 4 4 1 1 8
1 1 1 2 1 1 1 1 6
1 1 1 5 1 1 6 1
1 1 1 6 1 1 5 3
1 1 1 6 2 6 5
1 1 1 6 2 5 5
1 1 1 12 3 5 1
1 1 1 1 9 11 2
1 1 1 12 15
1 1 1 1 13 1
2 1 1 23 2
3 1 1 1 3
1 2 1 2 13 2 1
5 1 3 16
3 2 1 2 3
40