# 0.01274
2
4
4
2 4
4 3
3 4 3
4 4 4
5 4 4
3 4 4
3 3 5 4
4 5 5 4
4 5 5 4
4 5 5 4
4 5 5 5
4 5 4 5
4 4 4 6
5 4 4 7
5 4 5 4 2
2 5 4 5 4
4 5 5 5 3
6 4 5 3 3
5 4 6 3 3
6 4 5 3 4
6 5 2 2 4 4
6 5 3 2 5 5
4 2 2 2 3 3 5 4 2
1 2 2 3 2 3 3 3 2 3 2
4 2 2 2 3 2 2 2 2 2
3 3 4 3 3 2 2 2 3
3 3 3 2 3 1 4
---
3
4 1
8
9
5 1
9
10
3
2
0
3
4 7
15 2
16 1
20
20
2 1
1
0
3
12 6
23
21 1
18
3 5 8
2 8
5
2
1
0
3
6
11 4 1
22
27
27
3 5 3 1
2
0
4
5
3
3
3 14 3
30
30
4 17 2
4 1
3
2