# 0.01163
0
8
12
7 8
7 10
20
22
22
5 10
4 7
3 7
3 6
9 14
5 4 13
5 4 13
7 2 10
5 6
1 4 1 7
5 4 9
6 1 4 10
6 2 10
6 4 9
9 19
2 5 1 13
1 5 1 16
9 13
10 10
10 11
1 25
23
20 1
3 19
1 19
2 3 11
3 4 10
2 2 5 8
2 1 14 1 1
1 13 2
7
0
---
0
0
0
1 1 1
1 1 5 1 1
2 6 3 1 2
9 4 2 3
16 1
27
30
12 15 1
8 2 11 3
7 1 1 10
7 3 3 11
7 3 1 11
7 3 1 1 5 4
3 3 2 1 1 1 6 3
2 3 2 1 1 6 3
7 1 1 5 1 7 2
7 4 9 11
7 3 1 5 12
7 3 18
7 4 1 17
6 4 20
7 4 21
8 27
34
27 1
25 1
25 1
22 2
6 9
2
0
0