# 0.00490
5 33
4 32
3 31
3 3 18
3 1 1 1 1 1 3 5 2 18
8 8 2 1 1 8 8
8 8 1 1 6 6
8 8 1 1 2 5 6 5
7 7 2 2 2 5 5
6 6 5 5
1 1
41
0
1 19 19 1
2 1 1 1 1 1 1 2
2 1 2 1 1 1 1 2 1 1 2 1 1 1 1 2 1 2
2 1 2 2 1 2 2 1 1 2 2 1 2 2 1 2
2 1 1 1 1 2
2 19 19 2
2 2
2 19 19 2
2 1 1 1 1 1 1 2
2 1 2 1 1 1 1 2 1 1 2 1 1 1 1 2 1 2
2 1 2 2 1 2 2 1 1 2 2 1 2 2 1 2
2 1 1 1 1 2
2 19 19 2
2 2
2 19 19 2
2 1 1 1 1 1 1 2
1 1 2 1 1 1 1 2 1 1 2 1 1 1 1 2 1 1
1 1 2 2 1 2 2 1 1 2 2 1 2 2 1 1
2 1 1 1 1 2
1 19 19 1
0
41
---
11 20
10 15 1
10 1 1
2 5 1 6 6 6 1
1 6 1 1 1 1 1 1 1 1
5 1 1 2 1 1 2 1 1 2 1 1
5 1 1 2 1 1 2 1 1 2 1 1
3 1 1 1 1 1 1 1 1
1 1 1 1 1 1 1 1 1 1 1 1
3 1 1 1 1 1 1 1 1 1 1 1
5 1 1 1 1 1 1 1 1 1 1 1
5 1 1 1 1 1 1 1 1 1 1 1
1 6 1 2 1 1 2 1 1 2 1 1 1
2 5 1 1 1 1 1 1 1 1 1 1 1
10 1 1 1 1 1 1 1 1 1 1 1
10 1 1 1 1 1 1 1 1 1 1 1
10 1 1 1 1 1 1 1 1 1 1 1
3 1 1 1 1 1 1 1 1
3 5 1 1 2 1 1 2 1 1 2 1 1
3 2 1 1 1 2 1 1 2 1 1 2 1 1
3 1 1 1 1 1 1 1 1 1
3 2 1 1 6 6 6 1
3 1 2 1 1
3 1 6 6 6 1
3 1 2 1 1 1 1 1 1 1 1
3 5 1 1 2 1 1 2 1 1 2 1 1
3 1 1 2 1 1 2 1 1 2 1 1
10 1 1 1 1 1 1 1 1
10 1 1 1 1 1 1 1 1 1 1 1
10 1 1 1 1 1 1 1 1 1 1 1
10 1 1 1 1 1 1 1 1 1 1 1
10 1 1 1 1 1 1 1 1 1 1 1
7 1 2 1 1 2 1 1 2 1 1 1
6 1 1 1 1 1 1 1 1 1 1 1 1
6 1 1 1 1 1 1 1 1 1 1 1 1
5 1 1 1 1 1 1 1 1 1 1 1 1
5 1 1 1 1 1 1 1 1 1 1 1 1
6 1 1 1 1 1 1 1 1 1
6 1 1 1 2 1 1 2 1 1 2 1 1
7 1 1 2 1 1 2 1 1 2 1 1
10 1 1 1 1 1 1 1 1
10 1 6 6 6 1
10 1 1
10 15 1
11 20