# 0.00483
6
8
4 4
3 2 3
3 4 3
2 6 2
3 4 3
3 2 3
4 4
8
6
3 2
6 2
4 1 6
4 1 5 1
4 4 1 3
4 1 2 1 1 1
4 4 1 1 1
4 1 5 1 2
4 1 4 1 1
4 1 4 1 1
4 1 4 1 1
4 1 4 1 1
4 1 4 1 1
4 1 4 1 1
4 1 4 1 1
4 1 4 1 2
4 1 4 1 1
4 1 6 1 1
4 1 6 1 1
4 1 10 1
4 1 10 1
4 1 1
6 1
3 2 2
7 2 4
8 1 2
9 2 4
10 1 3
23
---
1
5 3
7 5
4 4 1 6
3 1 32
3 3 32
2 5 2 22 5
2 5 2 22 5
3 3 3 1 1 5
3 1 27 4
4 4 1 1 1 2 2
7 1 1 3 1
5 1 1 2 3
1 1 4 1
2 1 14 1
2 1 14 1
3 14 1
20 1
1 4 1 1
15 2 3 1
1 4 1 1 1
4 2 1 3
9 2 3
9 1