# 0.01655
2 7
4 11 1
1 2 3 1 4 1
1 22
1 23
1 24
1 26
1 23 1
1 26
2 10 8 3
7 3
6 4 4 3
6 2 2 2 2 1 2
6 1 1 1 1 1 2
6 2 2 1 1 1 1
6 1 3 2 1 1
10 2 2 5
6 1 1 2 2 4
6 2 2 4 2 4
6 4 2 3 4
7 4
7 3
7 4
7 4
7 2 1
1 5 2 1
1 5 2 1
1 5 4
1 5 5 4
1 6 5 3 1
1 6 3 1 2
1 6 3 1 1
5 5 3 2 2
8 1
1 1
1 1
1 1
1 1
---
12
16 1
27 1
1 21 1
1 29
1 30
1 29
1 8 1 3
1 8 1 2
1 8 3 2
1 7 3 3 1
1 7 2 2 1
1 7 1 1 1
9 1 1 2
8 2 2 5
8 3 3 2 1
1 6 3 2 1
9 1 1 2 1
2 7 2 2 2 5
2 7 3 3 2 1
10 2 2 2
1 8 1 2 1
1 8 1 1 2
1 8 2 2 1
1 7 4 2 2
1 6 3 1
13 1 2
2 4 6 1 2
1 6 17
3 17
7 4 1
7 3