# 0.01523
0
3 3 3 3 3
8 1 1 1 2 1
1 15 1 1 1 7 2 1
1 1 45 2 1
1 1 29 12 1
1 1 1 1 1 1
1 1 1 1 1 22 1
1 1 1 1 1 23 1
1 1 1 1 1 2 1
1 1 2 2 1 1 1 10 2 1
1 1 2 2 1 1 1 14 3
1 1 2 2 20 8
1 1 32 5
1 1 19 1 1 4
1 1 10 2 1 1 1 2
1 1 6 2 2 1 1 1 2
1 6 2 2 1 1 1 2
5 2 2 1 1 1 1
3 2 50
2 48
2 1 1 1
2 1
30
29
---
19
2 2
19
2 2
2 2
2 2
2 2
2 2
2 2
2 2
2 2
2 2
2 2
2 2
2 8
2 9
2 2 2
2 3 2
2 3 3 2
2 9 2
2 2 3 2 2
2 1 2 2 2
2 3 2 2
2 4 2 2
2 2 2 2 2
2 1 2 2 2
2 2 2 2
2 2 2 2
1 2 2 2 2
21 2
1 2 2 2 2
2 2 2 2
1 2 2 2 2
21 2
1 2 2 2 2
2 2 2 2
1 2 2 2 2
24
1 2 2 2 2
2 2 2 2
2 2 2 2 2
2 2 2 2 2
2 2 2 2 2
2 2 2 2 2
2 2 1 2 2 2
2 2 1 2 2 2
2 2 4 2
2 2 4 2
2 2 4 2
2 2 2 2
3 2 2 2
3 2 2 2
3 2 2 2
1 2 2 2
1 2 2 2
1 2 2 2
1 2 2 2
1 2 2 2
1 2 2 2
1 2 2 2
1 2 2 2
2 2 2 2
2 2 2 2
2 2 2 2
2 2 2 2
1 1 2 2
11 2 2
2 2
3