# 0.00682
3 5 4 2 2 5 3
2 4 4 2 3 4 4
2 5 3 2 3 1 3 1 1
1 4 4 1 1 4 4 3
3 3 1 5 11
1 10 5 2 1 6
1 1 1 2 2 1 6 4
3 1 1 2 1 2 2 1 1
1 3 2 1 2 1 1 1 1 3
2 2 1 1 2 1 2 1 1 1
2 2 2 2 3 1
2 1 1 1 1 1 2 1 3
2 2 1 3 2
1 1 1
3 1
5
5
5 1
2 2 5
1 5
3 4
10
1 2 12
1 11 3
13 2
15 2
15 3
4 16 3 4
3 21
3 21 3
2 14 6 3
2 15 3 2 2
3 3 12 3 2
3 3 18 2
2 3 17 3
3 3 16
19 5
2 20 4
4 20 3
5 20 3
---
2 1 1 1 1 1 2 1 2 3
3 1 1 2 1 1 1 3 5 3
1 4 1 3 1 1 4 2 1 2
1 4 2 1 1 1 1 1 2 2 2
4 1 1 2 1 1
7 1 1 1 1 11
3 2 2 2 15
1 5 1 16
4 1 1 2 9 4
1 4 3 17
4 2 1 18
3 2 1 1 18
1 3 4 5 19
2 3 1 26
5 2 1 26
1 1 3 1 26
2 1 1 3 5 19
3 1 1 1 20
5 1 20
1 6 1 3 6 9
1 3 1 2 4 6 8
5 1 1 2 4 4 7
2 5 2 2 9 7
5 3 1 1 7 7
1 5 2 5 4 3
3 2 1 7 1 2
1 5 1 1 1 3 2
7 2 1 1 2 1 4
2 6 2 1 6 4
1 1 2 2 2 1 1 1 6 4