# 0.01398
6
3 2 5
3 4 1 1 2
2 1 2 1 1 7
2 1 1 2 1 2 5
1 7 2 10
6 1 5
4 5
3 4
4 4
3 4
3 4
4 4 5
5 4 2 5
3 3 1 2 3
4 2 2 3 3
5 2 8 2
22 1
1 2 4 2 3 1 2
1 6 4 2
1 2 1
1 2 1
1 2 2 2
1 2 3 1
1 8 1
1 6 1
2 2 2
1 2
2 7 2
1 9 1
---
0
0
7 1
21
13 3
1 4 2 4 2
5 2 4
1 2 1 2 1
1 3 2 3
2 1 1 3 2 1
2 3 10 2
1 1 1 10 2
2 3 4 2 2
1 1 1 3 2 2
4 1 2 3 2
3 2 2 3 2
1 2 2 2 3 2
2 2 2 3 1
5 2 5
1 1 1 2 5
3 1 1 3 1
1 3 2 4 2
5 1 2 2
6 2 2
8 5
10 4
12 2
12
5
2