# 0.01038
4
2 11
19
22
24
25
27
28
29
29
31
31
31
32
32
32
32
33
33
33
35
19 11
7 7 7
7 4 5 8
7 6 4 8
7 2 8
7 2 4 2 7
6 5 2 5 7
6 2 6
5 1 5
3 1 4
1 2 5
4 2 7
6 3 8
8 2 8
10 8
11 3 3 9
12 6 9
13 4 10
13 11
14 12
15 13
17 14
35
35
---
5 9
10 10
18 11
23 11
26 12
27 12
29 13
20 6 13
21 1 17
21 2 1 13
23 2 10
24 1 8
23 1 1 7
23 1 1 5
23 1 2 1 4
23 2 2 3
22 4 3 3 3
21 9 2 2
21 2 2 2
20 3 2
20 1 1 2 2
20 2 1 1 3
19 2 1 4
19 2 1 5
20 1 2 6
19 1 1 7
19 9
18 22
40
39
38
22 14
19 13
15 13
6 12