# 0.01539
8
8 2
6 2 2
5 4
2 4
1 3
1 3
1 4
1 4
1 4
3 4 5
2 2 3 4 1
2 1 3 3 1
1 2 1 1
1 5
1 4
2 3 3
1 4 3
1 1 1 2 1
1 1 3
6 5
1 4 1
3 5 2
11
1 6 6
3 7 8
7 7 11
8 3 14
10 14
11 1 13
11 2 15
11 4 14
9 1 2 4 11
13 2 4 11
9 2 1 4 11
1 7 2 1 4 1 9
1 6 2 1 1 2 10 1
1 7 2 7 8 1
2 9 2 4 8 1
2 3 1 2 7 8 2
1 3 4 6 7 2
2 3 4 2 3 6 2
3 1 2 1 2 9
2 2 1 1 3 2
2 1 2 6
---
9
6 2
9 3
10 2
12 1
18
6 16 2
2 1 2 16 1
2 1 1 4 11 2
3 3 8 1 6
3 1 1 9 1 2
4 1 4 12
3 2 1 1 11
3 4 5 1 2 1
2 2 2 3 2 5 4
2 1 1 2 1 3 2 9
2 3 4 1 4
1 3 5 3 5
1 1 1 5 2 6
3 1 7 10
1 2 2 1 14 11
16 6 8 3 1
11 10 8 1 5
12 1 9 2 7
2 1 14 9
4 21 1
22
21
17 1
15 1
15 2
12 2
10 2
13
2 1 3