# 0.01999
3 10 28
3 10 26
3 9 22
2 7 17 1
2 1 6 2 5 3
1 2 5 3 3 6
3 4 3 3 6
3 4 2 3 6
2 4 3 5
2 4 3 4
1 4 3 3
5 3 2
5 3 2
3 3 2
1 3 3 2
2 3 3 2
3 3 3 2
3 3 3 3
3 3 3 3
3 3 2 2
3 3 3 3
3 2 3 2
3 3 3 4
3 4 3 3
2 3 3 3
2 1 3 1
2 3
2 2
4 4
4 4
---
5
6 1 1 10
3 1 3 12 2
3 4 14
3 6 3
2 3 4 3 2
3 3 4 3
4 4 3
10 3 1
9 3 3
8 6
7 6
6
5
3
0
1
1
2
2
2
3
3
3
3
4
4
4
4
6
7
4 3
4 2
4
4 7
27 2
30
19 3
5 2
5
4 1
4 2
3 4
2 5 3
5 4
4 5
4 5
4 4
11
9