# 0.04596
14
5 5
3 3
2 4 2
2 1 6 1 2
2 2 2 2 2 2
2 2 2 2 2 2
2 5 5 2
2 4 4 2
2 4 2 2 4 2
10 10
3 3 4 3
2 1 1 1 1 2
3 2 3 3
1 6 6 1
1 5 5 1
1 2 2 1
1 2 2 1
1 2 8 2 1
2 2 1 1 2 2
2 6 6 2
2 2 2 2
2 2 3 3 2 2
2 3 3 2
2 2 2 2
5 5
22
20
1 1
20
---
14
8 5
3 2 2 3
2 2 2 2
2 2 2 6 2
2 2 16
2 3 3 5 1 5 1
2 5 2 3 1 3 1
2 6 1 2 1
2 4 1 2 1
2 3 1 1 2 1
1 2 1 1 2 1
1 2 1 1 1 2 1
1 2 1 2 1
1 2 1 2 1
1 2 1 2 1
1 2 1 2 1
1 2 1 1 1 2 1
1 2 1 1 2 1
2 3 1 1 2 1
2 5 1 2 1
2 7 1 2 1
2 5 2 3 1 3 1
2 3 3 5 1 5 1
2 2 16
2 2 2 6 2
2 2 2 2
3 2 2 3
8 5
14