# 0.01542
13
7 8
7 8
8 9
9 9
22
22
4 3
2 18
4 13
4 11 1
12 4 9
4 10 1
4 1 2 3 1
4 1 1 1
4 1 1 1
4 2 1
4
4 5
4
4 1 1
4 3 1 1 3
4 6 3 7
4 4 4 4 4
4 6 4 4 7
4 7 9 10
4 8 3 3 11
1 4 9 1 1 1 12
1 4 10 3 4 7
1 4 18 6
---
1 3
1
21
22
22
21
1
1 6
3 1 7
5 1 7
7 1 8
8 1 8
8 3 2 6
7 2 3 5
7 3 1 5 4
7 3 1 4 3
7 3 2 4 2
2 2 3 2 1 1 4 1
1 2 3 1 1 1 2 2
1 2 3 1 1 1 1 1 3
2 2 3 5 1 1 2 2
7 6 1 1 4 1
7 6 4 2
7 5 4 3
7 4 5 4
7 2 1 3 4
8 6 2 4
8 1 6
6 1 7
4 1 8
1 7
1 6
1 6
1 5
1 5