# 0.05462
8
10
2 2
1 2 2 1
1 2 2 1
1 1
1 2 1
1 1 1 1
1 6 1
2 2
2 5 2 2 2 2 5
2 5 3 3 2 2 5
2 2 2 8 2 2 2
2 2 2 2 2 2
2 2 2 21 2 2 4
2 2 2 21 2 2 4
2 2 2 2 2 2
2 2 2 2 3 2
5 5 4 1 3 3 5
5 5 6 3 1 1 5
7 1 3
13 1
15 3
16
3 13
2 12
2 11
2 11
2 10
0
---
0
10
10
2
2
2
0
10
10
2 2
10
10
0
2
2
2 4
2 7
9 2 12
2 3 2 12
2 1 2 2 6
2 2 1 2 2 5
2 2 1 1 2 5
2 1 1 1 2 4
2 1 1 1 2 5
2 2 1 1 2 5
2 2 1 2 2 6
2 1 2 2 7
2 3 2 8
9 2 7
2 1 7
2 3 6
2 1 6
2 5
2 3 1 5
2 1 1 1 4
4 1 3 3
5 2
5
3
5
5
4
2
0
10
10
2 2 2
2 2 2
2 2
0