# 0.19814
6
2 2
2 2
2 2
2 2 2
2 2 2 2
2 3 3 2
2 1 1 1 1 2
2 2 1 1 2 2
2 1 1 1 1 2
2 1 2 2 1 2
3 1 2 2 1 3
3 2 2 3
3 1 1 3
3 2 2 2 3
3 1 2 2 2 1 3
2 2 2 2 2 2 2
2 2 2 2 2 2 2
2 2 2 2 2 2 2
2 1 2 2 2 1 2
2 2 2 2 2 2
2 2 1 2 2 1 2 2
2 1 1 2 2 1 1 2
2 1 2 2 2 2 1 2
2 1 1 1 1 1 1 2
2 2 1 1 1 1 2 2
2 1 2 1 1 1 1 2 1 2
2 1 1 2 2 2 1 1 2
2 1 1 1 2 1 1 1 2
4 3 2 3 4
2 1 2 2 1 2
2 1 1 1 1 1 1 2
3 1 1 3
3 2 2 3
3 1 1 3
4 2 4
2 2
2 2
2 2 2
2 2 2
---
6
11
9 2 1
8 7 3
8 2 3 3 3
9 3 3 2 2 2
4 5 2 6 3
4 4 3 1 2
3 3 7 3 3 2
2 2 15 2 1 1
1 8 3 2 4
1 1 6 3 1 2
1 1 6 3 1 2
1 8 3 2 4
2 2 15 2 1 1
3 3 7 3 3 2
4 4 3 1 2
4 5 2 6 3
9 3 3 2 2 2
8 2 3 3 3
8 7 3
9 2 1
11
6