# 0.01237
5 5 5
7 2 2 7
9 9
9 8
8 7
7 6
6 5
4 2 2 3
2 4 4 1
1 3 1 1 3 1
1 6 6 1
1 5 5 1
1 4 3 1
1 3 4 2 1
1 1 6 2
3 2 4
6 1 1 6
9 4 7
5 4 2 3 5
6 3 3 5
6 3 3 6
7 7 6
7 4 6
7 7
8 7
8 8
9 8
9 9
10 10
11 11
12 12
14 13
27
26
11 12
9 9
---
4 15
6 17
11 19
9 2 20
8 22
7 2 17
6 2 15
5 3 2 12
3 5 2 10
1 7 2 8
1 7 3 7
1 2 2 3 6
1 3 1 1 2 5
1 2 1 2 4
1 3 2 2 2
1 3 2 2 4
1 2 1 2 6
1 3 1 1 2 7
1 2 2 2 8
1 7 3 9
3 6 2 11
5 4 2 13
6 2 2 16
7 21
8 23
13 21
7 20
5 18