# 0.01284
8
1 1
1 1 1 1
1 1 1 1
1 1
1 1 1
1 1 1
1 1 1
1 1 1
1 1 1
19 19
1 1
1 1 3 3 1 1 3 3 3 3 1 1 2 1
1 1 1 1 1 1 1 1 1 1 1 1 1 1 1 1
1 1 2 3 1 1 3 2 3 2 3 2 1
1 1 1 1 1 1 1 1 1 2 1 1 1 1 1 1
1 3 3 3 3 3 1 1 1 3 1 1 1 2 1
1 1
19 1 19
1 1 1
1 1 1 1
1 1 1
1 1 1
1 1 1
1 1 1
1 1 1
1 1 1
1 1 1
1 1 1
1 1 1
1 1 1
1 1 1
1 1 1
1 1 1
1 1 1
1 1 1
1 1 1
1 1 1
1 1
8
---
9
1 1
1 2 1
1 1 1
1 5 1
1 1
1 5 1
1 1 1 1 1
1 1 1 1
1 1
1 3 1 1
1 1 1 1 1
1 1 3 1
1 1
1 5 1
1 1 1
1 5 1
1 1
11 3 1 22
1 1 1 1 1
1 2 1 3 1
1 5 6 5 1
1 5 5 2 1
1 2 1 1 3 1
1 1 1
11 22
1 5 1
1 1 2 1
1 3 1 1
1 1
1 5 1
1 1 1 1 1
1 1 1 1
1 1
1 4 1
1 1 1 1
1 4 1
1 1
1 5 1
1 1 1
1 2 2 1
1 1 1 1
1 1
9