# 0.01124
2 2
1 1 1 1
1 1 4 1 1
1 2 8 2 1
1 2 10 2 1
2 3 12 3 2
2 16 2
2 12 2
2 14 2
20
7 1 8
2 1 1 1 1 1 3
1 1 1 1 1 1 1 1 1
1 1 1 7 1 1 1
1 7 7 1
6 6
4 4
3 3
4 6 6 4
1 2 1 1 2 1
1 1 20 1 1
2 1 10 9 1 2
2 1 8 1 8 1 2
3 8 1 8 3
4 2 1 2 4
4 2 1 7
6 1 1 6
7 3 7
8 6 8
6 2 8 9
6 7 14
6 5 5 6
6 4 4 4 6
5 16 5
4 16 4
1 1 2 10 2 1 1
1 2 10 2 1
1 10 1
1 8 1
6
---
6 4 5
1 2 7 8
3 2 1 12
2 2 7 3 13
2 1 1 5 1 10
1 16 7
1 2 3 9 4
1 2 2 1 4 12
1 8 1 4 8
6 1 1 4 5
7 1 1 4 8
12 1 4 3 6
7 1 1 3 2 3 7
8 1 3 2 4 8
12 3 3 8
8 1 1 3 8
8 1 3 1 3 8
12 1 3 3 7
8 1 1 4 3 6
7 1 1 4 8
10 1 4 5
1 3 2 1 4 8
1 2 2 1 4 12
1 8 11 4
1 3 18
2 1 1 5 1 10
2 2 7 3 13
3 2 1 12
1 2 7 8
6 4 5