# 0.02004
37
17 11
11 8
7 1 7
6 7
5 3 3 6
6 5 5 6
5 7 7 6
4 3 2 2 3 5
4 1 1 1 1 1 3
3 1 1 5
3 6
3 1 1 4
3 1 7
2 5 7 5 3
2 2 7 13 5
2 3 3 2 3 3 11
2 3 1 2 4 1 3 1 5
2 5 2 4 8
2 2 3 2 2 3
2 1 3 1 6
2 3 6
3 2 2 3
2 2 6
3 3 1 4
2 1 2 7
2 1 1 2 4
2 5 7
1 6 6
1 5 5
1 2
2 2
1 2
3 5 5
3 8 5
3 4 2 1
6 1 2
4
4
5
5
6
2 7
3 9
20
14 1
12 1
14
10 3
9
---
22
25
14 6
10 6
8
5 1
4 1
3 3 2
3 2 2
4 3 3
3 3 2 2
2 3 3 3 1
2 3 6 2
2 2 3 1 1 2
2 2 2 2 1 2
2 2 3 3 1
2 1 1 1 1
1 1 2 1
1 1 1 1
1 2 1 1
1 1 4 2
1 7 2 4 2
1 2 16 4 2
1 2 4 6 3 3 4
1 2 2 1 2 3 1 5
1 3 3 1 4 1 6
1 3 5 2 10
2 3 3 2 11
2 3 2 4 12
2 2 3 2 2 13
2 2 3 19
3 1 5 3 3 2 7
5 3 1 13 2 6
8 11 1 10 5
10 4 1 4 7 4
9 2 6 10 3
14 15 1
29 2
20 2
9 4