# 0.14440
0
9
15
20
26
29
31
32
11 10
10 10
5 10
5 10
2 10
2 9
2 10
2 9
1 1 7
1 7
1 7
1 6
1 7
1 9
1 8 8
1 2 18
7 3 6 1 8
3 6 1 3 1 1 4 2
2 4 3 1 5 2 3 1
1 1 2 1 2 2 2 2 1
3 4 1 8 2 3 1
2 2 1 2 1 1
7 1 1 2 1
1 2 1 1
1 1 4 1 2
1 3 1 1 2 1 1
1 1 2 3 1 2 2 1
1 2 4 3 2 4
1 2 2 1
1 1 5 7 2 1 1
1 6 8 1 1 1
1 6 5 2 1 1 2
1 2 6 2 2 1 1
1 1 1 3 3 1 1
2 1 7 5 1 1
1 1 6 1 1
4 3 7 1 1
4 3 9 1 1
6 9 2 2
17 3 4
16 3 5
16 3 5
3 14 2 5
4 12 4 6
6 13 6
8 7
10 8
---
0
1 1
5 2
18 9 3
10 2 1 1 6 4
7 1 1 1 1 3 5
8 1 3 1 2 2 5
8 1 3 1 2 9 6
6 1 1 1 1 3 3 6 3
6 2 1 1 1 3 6 2
7 2 1 4 6 6 1
7 7 2 4 1 8
7 3 1 4 1 9
7 1 1 2 1 1 2 6
7 2 2 1 1 1 6
6 1 2 2 2 1 1 6
7 2 2 2 3 2 7
7 2 1 1 1 1 3 1 8
7 1 1 1 1 4 5 8
7 1 3 1 1 4 9
7 1 3 1 2 3 10
7 1 3 1 2 2 11
7 1 1 1 1 2 13 1
7 1 2 2 2 10 2
7 2 2 2 6 1
6 4 3 4 1
6 1 2
7 1 2
7 1 1
9 1 2
9 1 1
11 1 2
12 1 1
11 1 1 2
13 9 4
22 6
19 2 2
17 2 2 1
15 1 3 1 8 2
13 3 5 3 4
12 4 8
13 8
8
7
6