# 0.00709
2
4
7
3 3 3 10 2
1 1 1 17 1 1
45 1 1
46 1 1
2 3 1 3 3 3 2 10 1
42 7
2 2 3 3 3 3 3
2 11 1 2 2 2
2 3 3 3 1 1 1 1 1 1
2 3 3 3 1 2 1 1 1 1
3 8 3 12 1 1 1
6 3 3 3 1 2 1
34 1
27 1
3 3 3 3
---
3
3
1
1
1
1
1
1
7
9
4 3
2 1 2
2 1 2
2 1 2
4 2
2 1 1 2
2 1 1 2
2 1 1 2
2 1 1 2
2 1 1 2
1 13
15
1 13
2 1 1 2
1 13
15
1 13
2 1 1 2
1 13
15
1 13
2 1 1 2
2 1 1 1 2
2 1 1 2 2
2 1 1 1 2
2 1 1 2
2 1 2 2
4 2 2
5 1 2
3 1 1 2
3 1 3
3 2 3
3 1 1 1
3 2 2 1
3 5 1
5 1
5
5
7
7
7
9
11
13
8
1
1 3
3 1 1
1 1 3
3