# 0.01792
7
2 2
3 1 1
4 3 2
3 6
1 6
2
3 1
5 2
7 2
10
8
1 2 1
8 2 2
2 2 4
2 2 2 4
2 4 2 5
2 4 2 5 1
2 2 3 5 3
2 2 4 3 1 1
1 2 10 2 5
1 4 11 6 1
1 6 10 5
1 1 4 1 9 4 1
1 4 9 1
6 10 10 10 6
50
50
50
50
---
2 11
2 2 5
2 2 5
2 1 1 2 5
2 3 1 2 5
2 5 3 5
2 5 2 4
1 5 1 4
1 2 4 1 5
1 2 3 1 5
1 3 2 1 1 5
1 2 4 1 5
2 2 3 2 9
5 2 15
4 2 15
4 2 9
2 1 5
5 1 5
5 4
5 4
5 5
11
10
10
3 10
16
17
17
5 10
9
4
4
5
5
1 1 5
2 1 5
2 1 5
3 5
3 5
11
1 1 1 5
2 1 1 5
4 4
4
5
5
5
5
5
5