# 0.23674
60
1 10 3 3 1
13 4 2 1
14 5 2 1
11 2 5 3
6 2 2 4 2
3 7 2
1 2 1 2
1 1 3 2
1 1 1 4 3
1 1 1 1 3 2 1
1 2 1 2 3 5
1 1 1 1 1 2 2 1
1 6 2 2 1 3 5 1
4 10 1 2 3 3
1 2 1 1 2 3 1
3 1 2 5 1
2 1 1 2 11 2
9 7 3 8
1 3 2 1 7 1
1 4 3 1 4 5 1
1 9 2 6 14
22 1 4 11
22 2 2 1
22 2 2 1
13 2 2 1 1
9 2 2 2 2 1
6 1 1 2 2 1 1
2 2 2 2 1
60
---
30
1 5 1 3 8
7 3 1 6 1
6 3 1 6 1
6 1 1 6 1
6 1 1 1 6 1
5 3 1 2 5 1
5 1 1 6 1
5 3 2 5 1
5 1 1 4 1
6 2 2 6 1
4 1 3 1 5 1
1 2 1 1 4 1
1 2 1 2 5 1
1 3 5 4 1
1 5 1 4 1
1 2 1 4 1
1 1 2 9
1 1 9
1 2 5 1
1 1 5 1
1 1 2 6 1
1 2 9 1
1 1 1 1
1 1 1 1
1 1 1 1
1 2 1 1
1 1 1 1
1 1 5 1
1 1 2 3 1
1 2 2 2 1
1 1 2 2 1
1 1 2 2 1
3 1 2 1
2 2 1 3
2 2 1 2
1 1 2 1
1 2 3 1
1 1 4 1
1 2 5 1
1 1 2 3 1
1 1 2 3 1
1 2 3 4
1 1 1 2 2
1 2 1 2 1
1 2 1 1
1 2 2 1
1 2 2 1
1 2 1 1
1 3 2 1
1 1 1 2 1
1 2 1 2 1
1 1 2 2 1
2 2 1 2 1
2 2 1 2 1
3 3 1 2 1
1 2 2 1 1 2 1
1 2 3 2 1 2 1
1 6 1 1 2 2 1
30