# 0.02777
6
4 4
3 4
1 2
2 1 1 1
3 2 3 3
6 6
12
11
12
1 2 4 3
2 2 2
1 2 1 2 1 4
1 1 1 1 1 1 5
3 1 1 1 1 1 1 5
4 2 1 2 2 2 5
4 2 1 2 2 1 7 1
4 3 2 1 1 2 4 4
8 3 2 3 3
7 8 3 3
2 4 4 3 3
3 3 3 2 4 3
3 3 3 6 3
3 2 3 5 3
4 2 2 4 5 3
3 2 3 3 4 2
2 6 2 3 2 3 5
4 6 2 4 3 3 6
4 5 3 3 3 2 6
4 8 3 6 7
4 7 3 5 6
4 5 3 5 5
6 5 4 4 5
8 5 4 4 5
9 13 4
11 10 8
8 7 9
11 4 10
5 17
8
---
5 4 2
12 3
17 3
5 12
5 7
11 6
13 5 2
5 4 7
6 7
7 6
8 5
3 4 3
1 2 5 6 3
2 2 3 3 8 3
1 5 2 9 3
1 5 4 1 3 2
2 7 1 2 3 3
1 5 2 1 3 2
1 5 5 2 4 5 2
1 4 21
1 6 3 21
2 6 2 6 13
1 6 1 2 1 6
1 5 4 2 3 2
2 6 2 3 2
1 3 2 3 10 2
4 5 9 3
2 7 4
4 4
11 6
9 6
2 6 7
3 5 9
13 7 3
12 7 2
6 3 8
6 8
12 5
7 4
7