# 0.06142
3 8
4 1 3 4
2 4 3 5
3 1 11
3 2 10
2 10
2 10
1 9
4 9 8
20 8
2 19 7
3 21 7
3 12 7
3 11 6
2 10 5 6
1 22 5
1 21 5
1 19 5
1 19 5
1 18 5
1 17 5
2 15 5
2 1 6 3 5
2 1 4 2 5
1 1 4 1 6
2 1 2 6
12 7
10 7
1 4 1 2 5
1 1 2 6
2 2 2 6
1 1 2 6
2 2 3 6
4 3 5
2 2 5
---
11
5 2
4 2
4 3
3 1 2
1 2 6 1
2 2 9 4
1 1 11 5
2 14 2 3
2 16 3 2
1 1 16 3 2
1 2 17 3 2
2 17 3 2
1 15 2 3
1 1 14 5
2 14 3
1 6 11
2 5 9
1 5 8
2 4 7
1 3 6
1 3 7
1 3 6
1 3 5
1 3 4
1 2 3
2 2 2
1 1 1
1
2 1
1 2
2 1
1 2
2 1
4 2 1
5 2 2
6 2 3
8 2 4
11 3 5
12 4 5
30
30
28
26
24