# 0.01372
10 5 10
10 3 3 10
3 3 2 1 2 3 3
2 1 1 2 2 1 2 2 1 1 2
2 2 2 1 1 1 2 2 2
2 1 1 2 1 1 3 1 1 2 1 1 2
3 3 2 2 3 3
2 2 2 1 1 2 2 2
3 3 2 1 2 3 3
2 1 1 2 2 2 2 1 1 2
2 2 2 7 2 2 2
2 1 1 2 2 1 1 2
3 3 9 3 3
10 9 10
10 2 1 2 10
2 3 2
1 2 1 2 1
3 1 2 1 2 1 3
3 3 1 9 1 3 3
3 3 3 9 3 3 3
35
35
7 3 7
6 7 3 7 6
5 3 5
33
5 5
5 5
5 5
5 5
5 15 5
5 1 4 4 1 5
5 2 2 1 1 2 2 5
5 1 2 1 2 1 5
5 1 1 2 2 1 5
5 4 2 2 1 5
5 1 2 2 1 5
5 2 2 2 2 5
7 1 3 3 1 7
7 1 9 1 7
---
15 7 2
15 24
3 1 1 3 23
2 1 1 1 1 2 20
2 1 1 1 2 22
2 1 1 1 2 23
2 1 1 1 1 2 5 1 2
3 1 1 3 2 1 1
15 3 1 1 2
15 4 1 1 1
3 1 1 10
4 2 1 1 1 1 1
2 3 2 1 1 2 1
2 1 2 10 1 1 10
1 2 10 1 1 10
2 1 2 4 1 2 1
1 1 2 1 8 1 1 1
1 4 1 1 14 1 1 1
1 1 1 2 1 8 1 1 1
2 1 1 2 4 1 2 1
1 2 10 1 1 10
2 1 2 10 1 1 10
2 3 2 1 1 2 1
4 2 1 1 1 1 1
3 1 1 10
15 4 1 1
15 3 1 1
3 1 1 3 2 1
2 1 1 1 1 2 5 1 2
2 1 1 1 2 23
2 1 1 1 2 22
2 1 1 1 1 2 20
3 1 1 3 23
15 24
15 7 2