# 0.01605
1 19
20
2 2 1 7 8
2 2 1 1 7 7
3 3 2 6 6
3 3 1 2 6 5
5 5 2 4 4
8 8 1 1 2
5 5 2 4 4
3 3 1 2 6 5
3 3 2 6 6
2 2 1 1 7 7
2 2 1 7 8
20
1 19
19 1
20
8 7 1 2 2
7 7 1 1 2 2
6 6 2 3 3
5 6 2 1 3 3
4 4 2 5 5
2 1 1 8 8
4 4 2 5 5
5 6 2 1 3 3
6 6 2 3 3
7 7 1 1 2 2
8 7 1 2 2
20
19 1
---
15
15
1 7 7
1 7 7
3 6 6
5 5 5
7 4 4
9 3 3
3 3 3 2 1 1 2
1 1 1 2 4 4 2
15
1 7 7
1 7 7
3 6 6
5 5 5
7 4 4
9 3 3
3 3 3 2 1 1 2
1 1 1 2 4 4 2
1 1 1 1 1 1 2 1 3 1 2
2 1 3 1 2 1 1 1 1 1 1
2 4 4 2 1 1 1
2 1 1 2 3 3 3
3 3 9
4 4 7
5 5 5
6 6 3
7 7 1
7 7 1
15
2 4 4 2 1 1 1
2 1 1 2 3 3 3
3 3 9
4 4 7
5 5 5
6 6 3
7 7 1
7 7 1
15
15