# 0.00267
2
2 1 1 1
2 2 3
2 6 1
2 2 1 2 1 1 1
2 2 1 2 1 5
2 2 1 1 1
8 14 6
3 3
1 1 1 1
3 3
8 6 7 6
3
1 1
3
2 12 14
3
1 1
3
2 18 8
3
1 1
3
1 1
11 9 8
1 1
1 3 3
3 1 1 3
1 3 1
1 1 1 1 1
---
1 1 1 1 1
4 1 5 1 1 1
7 1 1 1 1 3
3 1 1 5 1 1 1
4 1 1 1 1
4 1 1 1 1
1 1 1 1 1
5 1 1 1
1 1 1 1 1
5 1 1 1
1 1 1 1 6
2 1 1 1 1 1 1
1 1 1 1 1 6
1 1 2 1 1 1 1
1 4 1 5 1 1
1 4 1 1 1 1 1
1 1 2 5 1 1
1 1 1 1 1 1
2 1 1 1 1 1
1 1 1 1 1
1 1 1 6
1 1 1 1 1
5 1 6
1 1 1 1 1
5 1 1 1
3 1 1 1 1
1 2 1 1 1 1 1 2
3 1 1 1 1 1 1 4
1 2 1 1 1 1 1 2
1 1 1 1 1 1