# 0.17210
0
0
0
6 6
1 2 2 1
3 2 2 3
2 1 1 2
2 1 1 2
1 1 1 1
2 16 2
2 2
2 1
2 4 4 1
1 1 1 1 1 1
1 1 1 1 1 1
1 1 2 2 1 1
1 4 4 1
1 1
1 1
1 1
1 1
1 1
1 1
1 1
1 1
1 1 1 1
1 1 1 1
1 1 1 1
1 1 1 1
1 1 1 1
1 1 1 1
1 1 1 1
1 8 1
2 8 2
2 8 2
24
8
6
0
0
---
0
0
3 22
1 1 2 2
1 2 2 2
1 2 2 1
1 3 1
2 5 1
2 1 1 1
5 1 2 1
1 5 12
1 6
1 6
1 6
1 6
1 6
1 6
1 12
1 5 1
1 1 2 1
1 1 1 1
1 5 1
1 1
1 1
5 1
2 1
2 1
1 3 2
1 2 2 2
1 2 24
1 1
3
0
0
0
0
0
0
0
0