# 0.01758
1 1
1 6 1
1 8 1
1 3 3 1
1 2 1 1 2 1
1 1 2 1 1
1 1 1 1
1 1 4 1 1
1 2 1 1 2 1
1 2 2 1
1 3 3 1
1 5 1
1 3 1
1 5 1
1 7 1
1 11 1
1 6 6 1
1 15 1
1 8 8 1
1 3 11 3 1
1 2 5 5 3 1
1 3 11 2 1
1 3 5 3 1 3 1
1 2 11 2 1
1 2 6 6 2 1
1 1 15 3 1
1 20 1
1 2 9 2 1
1 9 1
1 4 4 1
1 4 4 1
1 3 3 1
1 3 3 1
1 3 3 1
1 3 3 1
1 3 3 1
1 3 3 1
1 4 4 1
1 5 5 1
1 6 6 1
---
40
0
0
4
8
5 2
3 3 1
3 3 2
12 3
6 25
3 3 26
3 3 27
2 1 2 21
2 1 1 5 1 1 1 1 4
2 1 1 20
2 1 2 2 27
3 2 26
3 3 7 17
6 12 3
3 3 2
3 3 1
3 2
4 2
7
4
0
0
0
0
0
0
0
0
0
0
0
0
0
0
40