# 0.02843
1 7
5 7
9 6
13 5
15 4
15 5 3
15 2 2 2
13 2 1
11 4 2
4 2 2 1 5
3 1 1 2 2 1
3 2 1 1 2
3 3 3 1 1 1
1 3 2 2 1 3 1
2 2 1 3 4 2
4 3 1 1 4 1 2
1 2 1 9 4
3 3 9
1 3 2 7
2 2 1 4
4 3 3 2 2
1 2 1 4 8
3 3 9 6
1 3 2 7 1 6
2 2 1 8 1 5
4 3 7 1 3
1 2 1 2 3
3 3 6 3
1 3 2 5 1 4
2 2 1 3 1 4
---
5 18
5 1 2 1 2 1 2 1 1
6 2 1 2 1 2 1 2
6 1 2 1 2 1 2 1
7 2 1 2 1 2 1 2
6 1 2 1 2 1 2 1 1
7 2 1 2 1 2 1 2
7 18
8
7
8
10
6 4
5 3
5
6
4 2
4 3
3 1 4
2 3 5
1 1 6 2
1 1 6 3
4 3 6 3
2 2 3 3 3
2 7 1 3
1 9 1 1
1 17
1 6 1 1
2 2 2 2 1 3
3 5 4 3 3
4 2 2 4 3
5 1 1 5 2
6 1 2 6 1
7 3 2 5
7 4 4