# 1.00667
1 2
1 2
5 1 1 1
1 3 1 1
1 1 1 5
22 1
1 1 1
1 1
1 1 1 1 1 1 1 1
1 1 1 1 1 1 1 1
1 5 5 1
1 1 1 1 1 1
1 3 3 1 3
1 1 1 1
2 2 1 3 1 2 2
6 1 1 1 9 1
1 2 3 3 3 2 1 2
4 2 2 1 1 1 2 7
5 5 3 4
1 1
1 1
1 1
1 2 1
1 2 6 1
1 1 1 1 3 1
1 1 1 1 1 1 1
1 3 4 4 1
1 3 1
1 1
1 22
1 1 1 3 1 1
5 1 1 1 1 1
1 1 3 1 1
1 1 2 2 3 2 2 1 1
1 1 1 5
1 1 1
22 1
1 1 1 1
1 1 1 1
1 1 1 1
---
2 1 1
1 1 1
1 1 5
1 4 1
1 2 1 1
5 2 1
1 4
1 32
1 1 1
1 3 4 1 1 4
1 3 1 1 1 1 1 1 1
1 3 3 3 1 1
1 3 1 1 1 4
1 3 1 1 1 1
3 3 2 2 1 2 1
1 1 3 1 1 1 1 1
2 1 1 1 1 2 2 2 1
2 1 2 1 1 1 6 1
6 1 1 1 2 2 1
1 1 4 1 1 1
1 3 2 1
1 3 1 1 1
1 3 1 1 1 1
1 3 3 1 4
1 3 3 1 1 1 1
1 1 1 1 1 1 1 4
1 3 2 1 1 1
1 1 1
32
4
2 1
5
1 1 1
1 1 1 1
5 1 1 1
1 1 1 5
1 2 1 1
3 2 1
1 1
1 1