# 0.34057
8
5 5
3 3
3 4
2 6
2 8 8
1 4 1 2 7
2 2 2 2 3 8
2 2 2 1 1 2 8
1 2 3 1 1 7
2 2 1 7 8
1 1 1 1 2 2 8
2 1 1 1 2 1 9
1 3 1 3 3 9
1 2 2 2 1 1 1 9
1 1 2 2 6 1 9
2 2 2 1 1 1 2 10
1 2 8 1 1 10
1 4 3 1 1 1 1 10
1 1 2 10 10
1 1 1 2 3 1 10
1 3 2 2 1 2 11
1 1 2 1 6 11
2 2 3 1 2 11
1 1 1 2 4 10
1 9 6 10
1 2 3 10
2 2 1 2 8
1 2 2 1 3 7
2 1 1 1 1 3 6
2 2 1 1 1 2 5
3 2 1 1 1 3 5
3 3 1 2 1 5 4
8 1 2 1 2 3
6 2 2 5 6
4 8 7
3 11
20
16
8
---
8
5 5
3 3
3 3
2 3
2 3
1 3
2 3
2 2 4
1 3 3 4
2 3 6 1 6
1 5 1 1 2 6 1
2 2 1 1 1 3 4 1 2
1 2 3 1 2 2 2
1 2 1 1 8 2
1 2 1 1 2
2 2 5 1 1 3
1 2 5 2 2 2 3
1 3 5 1 1 3 3
1 1 2 2 1 3 2 1 3
1 1 5 1 1 1 3 5 1 3
1 3 1 1 6 2 2 1 4
1 1 5 1 1 1 2 4 1 4
2 2 1 6 2 1 1 7 4
1 6 1 2 5 1 3
1 1 3 3 1 1 3 1 3
1 1 2 1 2 3 7 2 4
2 2 4 4 11 1 4
6 4 4 2 2 4
7 6 5 4
24 3 3
26 3
32
30
28
26
24
20
16
8