# 0.55160
40
12 2 2 2 2 10
11 2 2 2 2 2 9
10 2 2 2 2 2 8
9 2 2 2 2 2 2 7
8 2 2 2 2 2 2 6
7 2 2 2 2 2 2 2 5
6 2 2 1 1 4
5 2 2 2 2 3
4 2 2 1 2 1 2
3 2 2 2 4 2 2 1
2 2 2 1 2 4 5 1 1
1 2 2 2 1 2 2 2
1 2 2 1 1 1
2 2 2 5 3 1 1
2 2 2 11 6 1
1 2 2 1 6 2 7 1
1 2 2 1 2 1
2 2 2 1
2 2 2 1 1 1
1 2 2 1 6 1
1 2 2 1 8 1
2 2 2 1 1 6
2 2 2 1 1 1
1 6 1 8
1 2 2 1 2 4
1 1 2 5 7 1
1 1 1 1 2 3 1 1 1
1 1 2 2 1 2 1 1
1 1 1 3 1 2 2
1 1 2 2 1 1 2
1 1 1 3 2 3 11
1 2 2 3 22
1 2 2 27
2 2 2 25
3 2 1 26 1
4 1 2 26 1
5 2 1 24 1
5 1 1 23 2
6 1 1 2 19 3
---
40
12 2 2 2 6
11 2 2 2 9 5
10 2 2 2 2 2 4
9 2 2 2 3 1 2 3
8 2 2 2 3 3 2 1
7 2 2 2 2 2 3 3
6 2 2 2 2 5 2 3
5 2 2 2 2 2 1 2 2
4 2 2 2 2 2 1 1 3
3 2 2 2 2 2 2 3 4
2 2 2 1 2
1 2 2 2 1 1 1 2
1 2 2 1 9
2 2 2 8
2 2 1 1 7
1 2 2 2 1 6
1 2 1 1 2 9
2 2 2 2 8
2 2 1 3 1 8
1 2 1 1 3 9
1 2 1 2 3 1 9
2 2 1 2 1 9
2 2 1 3 8
1 2 1 2 2 1 1 8
1 2 1 1 1 3 8
2 2 2 1 2 8
2 2 2 2 2 8
1 2 1 2 3 8
1 2 1 2 2 1 1 9
2 2 2 4 1 2 9
3 2 1 2 5 2 9
4 1 1 3 4 1 1 9
5 2 1 3 8 9
6 1 2 3 1 3 9
7 2 1 2 1 4 9
8 1 3 2 1 8
9 2 1 2 6 1
10 1 1 5 2
22 6 5