# 0.02283
1 7 5 8 2
1 5 12 5 2
2 3 16 3 2
2 1 19 3 2
2 10 10 2 2
3 5 4 12 1 2
3 5 2 12 2 1
3 4 1 4 3 5 1 1
3 4 1 4 3 1
3 3 2 2 1
2 3 2 1
2 2 2 1
2 2 2 1
1 3 3 1
1 4 5 1
1 4 5 1
1 3 5 1
5 6 5 1
4 9 5 4 1
2 2 2 8 3 1
2 5 1 3 5
6 6 9 3 1
1 2 1 4 2 2 2 3
1 4 1 1 1 1 6 8
2 4 2 1 1 1 1 1 1 6
2 1 1 2 2 2 3 3
2 1 2 3 3 1 3 1
3 1 5 2 4 2 2 2
5 1 9 3 2
5 2 3 3 2
5 2 1 1 6
5 1 1 6
2 1 1 3 1 4
1 1 2 3 1 4
1 2 3 1 1 1
1 1 2 1 2
1 1 4 2 1 1 2
1 1 10 2 1 2
1 7 1 1 3
2 4
3 3 3 5
4 6 6
1 2 6
1 3 5 2
2 4 5 1
1 1 3 6 2
1 1 4 8 1
1 2 16 2
1 1 10 2 1
1 1 6 1 1
---
19 11
11 2 9
5 9 5 6
1 15 4 5
2 10 21
3 5 2 2 1 2 3
4 5 3 6 7
3 5 2 1 2 4 3 3
2 5 2 1 3 1 2 3
1 5 2 1 1 1 1 3
5 2 1 2 1 1 3
4 2 1 1 1 2 1 2
5 4 1 1 5 2 1 3
7 2 2 6 1 3 2 2
7 7 1 2 1 3
6 1 1 2 1 3
5 2 1 2 3 1 3
4 3 1 6 2 3 1 3
8 1 8 2 2 2 4
9 4 7 2 1 4
6 1 1 1 3 2 1 1 3
8 1 1 1 1 1 2 4
1 7 2 1 2 1 3 3
1 6 2 1 1 1 2 4
1 5 2 1 1 1 7
2 5 5 2 8
2 5 10 6
3 4 3 1 1 7
4 4 4 3 3 5
5 3 6 3 7 5
4 24 9
2 29 3
8 4 4 3
6 1 2 7 3
22 8