# 3.13153
11
3 2
2 2
2 1
2 2
2 2
2 1
2 1
1 1
1 1
2 1
1 1
1 1
1 1
1 3 1
1 4 2
1 2 3
1 2
1 2
1 1
1 1
1 2 4
1 5 6 2
1 2 2 1
2 10 2
2 6 1
2 3 1
1 1 3 2 1
1 6 3 3
1 1 2
2 6
2 4
2 2
1 1
1 1 1
2 1 2
1 1 4
2 1 4
1 5
2 5
2 4
2 4
2 4
2 10
1 3 3 2
2 2 3 1
1 2 2
2 4 4
2 7 2
17
---
17
4 7
2 3
2 5
2 3
2 3
2 1 2
2 1 2
1 1 2
2 1 2 2
1 2 1 3
1 1 2 1 3
1 3 1 1 2
1 3 1 1 1 2
1 2 2 1 2 1
1 1 1 1 1 1
1 1 2 2 2 1
1 4 1 1 2
1 4 1 2 3
2 2 3 2 1 3
2 4 3 1 2 3
3 3 1 3 2 4 3
2 3 2 2 3 6 2
12 3 18 2
8 4 1 1 1
4 1 2 1
4 1 2 1
3 2 1 1
3 6
3 4