# 0.01001
37
1 1
1 4 1
1 6 1 1 1 3 1
1 8 1 1 1 1 1 1
1 12 2 3 2 1 1
1 8 1 1 1 1 1 1
1 8 3 3 1 1 1
1 8 1 1 3 1
1 8 1
1 6 1
1 4 1
1 3 3 1
1 4 4 1
1 14 1
1 16 1
1 18 1
1 20 1
23 1
17 5 1
17 5 1
4 12 5 1
3 12 5 1
2 12 4 1
1 12 2 1
1 12 1
1 12 1
1 12 1
1 5 6 1
1 5 5 1
1 4 5 1
1 4 5 1
1 5 4 1
1 4 5 1
1 9 1
1 10 1
1 4 6 1
1 4 6 1
1 4 6 1
1 4 6 1
1 4 5 1
1 6 5 1
1 7 5 1
1 6 4 1
37
---
45
1 6 1
1 6 1
1 6 5 1
1 6 13
1 31
1 32
1 1 26 4
1 6 21 2 4
1 8 18 4 3
1 10 14 8 1
1 10 25 1
1 10 26 3
1 10 20 10
1 8 20 9
1 6 18 8
1 1 17 5 1
1 1 6 3 1
1 1 6 1
1 6 1
1 3 7 1
1 3 7 1
1 2 7 1
1 3 5 1
1 3 3 1
1 3 1
1 2 1
1 3 1
1 3 1
1 1
1 4 1
1 1 1 1
1 1 1 1
1 1 1 1
1 1 1 1
1 1
45