# 0.58821
0
8
3 3
2 2
2 2
1 1
2 2 4
1 1 9
6 1 18
10 1 15
14 1 10
17 1 6
8 2 2
4 1 1
2 2
2 2
3 3 1
8 1 3
40
1 3 5
1 3 5 5
3 5 3 6
1 5 3 5 7
1 3 3 5 7 1
3 3 5 7 1 6
3 5 7 1 8
5 1 1 8 1
1 15 1 2
7 2 2
3 3
---
6 1 1 1
6 1 3 1
6 1 6
6 1 3 1
5 1 1 1
5 1 1
4 1 1 2
4 1 3 1
3 1 6
3 1 3 1
2 1 1 1
7 1 1
3 5 1 1 1
2 2 2 1 1 2 1
2 1 2 1 5 1
1 1 1 1 8
2 1 3 5 1
1 2 1 2 1
1 2 1 1
1 2 1 1
1 2 1 2 2
1 2 5 1
1 1 10
2 1 3 5 1
1 1 1 1 1 2 1
2 2 2 1 1 1
2 2 2 1 1 1
3 2 3 1 1 2 2
7 6 1
2 9
3 6 1
4 1 1 2 1
4 1 1 1 1
4 1 1 1 3
5 1 2 2 1
5 5 1 1
6 6 1
6 9 1 1
6 6 1 4
6 5 1 2