# 0.03723
11 2
13 4
15 6
3 3 6
3 3 4
8 3 2
8 3
2 1 3 3 3
3 3 3 5
5 3 3 6
7 3 3 7
9 3 3 7
11 3 3 8
13 3 3 8
13 3 3 3 5
13 3 7 5
3 3 5 5
3 3 3 5
3 3 3 5
3 3 3 5
3 3 8
3 3 7
3 3 2 3
3 3 5
3 3 6
3 3 6
3 3 7
3 3 3
3 3 3
3 13
3 11
3 9
---
2 3
4 4
6 5
3 3 6
3 3 7
3 2 24
3 27
3 2 24
3 3 7
3 3 6
3 3 5
3 3 4
3 3 3
3 3
3 3
3 3
3 3
3 3
3 3
3 3
3 3
3 3
3 3
3 3
3 3
3 3
3 3
3 3
3 3
4 3
6 3
5 3 3
2 6 3 3
4 6 3 3
6 17 3
6 15 2 3
4 20 3
2 19 3
18 3
3 3
3 3
6
4
2