# 0.00526
40
22 13
21 12
20 4 11
7 6 1 1 10
5 5 1 1 10
4 4 4 1 1 10
3 7 4 1 1 10
3 9 3 4 10
3 10 3 11
3 10 4 12
15 5 13
15 23
14 6 13
14 5 12
13 4 3 11
12 4 1 1 10
11 5 1 1 10
8 7 5 10
7 5 1 1 10
9 4 1 1 10
13 4 1 1 11
14 5 12
15 5 13
15 23
3 10 5 13
3 10 4 12
3 10 3 1 1 11
4 10 3 1 1 10
4 8 3 2 2 10
4 7 3 3 10
4 4 4 1 10
5 5 1 10
6 6 1 11
8 11 12
22 13
40
40
40
40
---
40
40
40
7 14 12
6 14 8
5 21 7
5 23 6
4 12 12 6
4 11 12 5
4 12 11 5
4 12 11 6
4 11 10 6
4 10 1 10 6
5 8 1 8 6
6 4 3 6 8
8 5 9
9 10 12
40
40
4 7 7 7
3 5 5 6
2 3 3 5
1 6 1 6 1 3 4
1 1 1 1 1 1 1 2 4
1 1 1 1 1 1 1 4 4
1 1 1 1 1 1 1 2 4
1 4 1 6 1 3 4
2 3 3 5
3 5 5 6
4 7 7 7
40
40
40
40
40
40
40
40
40
40