# 0.03108
10
3 1 3
2 1 3
4 5 2 1
1 3 1 3 1
1 1 1 2 1
1 7 1
1 1 1 1 1
2 4 1 3
5 6 1
1 1 1 1 1
1 1 3 1 2
1 3 3 1
5 3 1
1 1 1 3
1 1 1 1
2 1 1 1
10
2 3
2 5 2
2 8 2
2 9 2
2 9 2
2 9 2
3 6 2
1 2 3
1 11 1
1 1 1 1
2 1 1 2 1 2
1 1 2 1 1 1
2 1 1 2
1 1
1 1
2 2 2 2
1 1 1 1
3 3
---
2
1 1
1 2
6 10 1 1
2 6 6 1
3 1 4 2 6 3
2 2 1 1 3 4 2 5
2 10 1 4 1
1 2 1 2 6 6 1
1 1 1 1 2 1 6 1
12 1 6 1
1 1 1 1 2 1 6 1
1 4 1 6 6 1
1 10 1 5 1
2 2 1 2 2 3 1 6
4 2 7 4 3
2 1 4 8 1
10 9 1 1
1 2
1 1
2