# 0.01557
3 3 3 3 3 3 3 3 3 3 3
23 21
2 1 2
2 1 1 1 2
1 4 3 4 1 3 1
2 6 3 6 1 2 3 2 2
2 19 1 3 1 3 2
2 2 10 3 1 1 5 1 2
1 1 8 2 1 2 2 1
2 2 2 3 3 2 2 1 2 1 1 2 2
2 5 2 2 5 1 5 3 5 2
2 3 2 2 3 1 2 1 1 2 2
1 2 2 2 2 1 2 2 1
2 3 2 2 3 1 1 5 1 2
2 5 2 2 5 1 3 1 3 2
2 2 2 3 3 2 2 1 1 2 3 2 1 2
1 1 7 2 1 1 3 1 1
2 2 10 3 1 2 1 2 2
2 19 1 3 3 2
2 6 3 6 1 5 5 2
1 4 3 4 1 13 1
2 1 1 11 2
2 1 2
23 21
3 3 3 3 3 3 3 3 3 3 3
---
3 3 3 3 3 3
25
2 2
2 6 6 2
1 4 3 3 4 1
2 3 5 3 2
2 3 7 3 2
2 4 2 2 4 2
1 3 3 1
2 4 4 2
2 13 2
2 17 2
1 6 6 1
2 17 2
2 13 2
2 4 4 2
1 4 3 1
2 3 2 2 3 2
2 3 7 3 2
2 4 5 4 2
1 8 8 1
2 6 6 2
2 2
1 21 1
1 1
2 4 2
2 1 3 2
2 3 3 2
1 2 3 2 3 1
2 3 1 3 3 2
2 1 5 1 3 2
2 2 2 2 2
1 2 1 1 1 2 2 1
2 5 1 5 2 2
2 2 1 1 1 2 2 2
2 2 2 2 2
1 1 5 1 3 1
2 3 1 3 3 2
2 2 3 2 3 2
2 3 3 2
1 1 3 1
2 4 2
2 2
25
3 3 3 3 3 3