# 0.17404
3 3 3
1 19 21 1
3 3 3
1 1 5 5 1
1 10 1 2 1 2 2 1 2 1
1 10 1 2 1 4 1 2 1
1 2 1 1 3 2 3 1 1
1 2 1 1 3 2 3 1 1
1 14 1 1 1 2 1 1 1
1 14 1 2 4 2 1
1 2 2 2 2 2 1 2 2 2 2 1
1 2 2 2 2 2 1 5 5 1
1 2 2 2 2 2 1 1 1 1
1 2 2 2 2 2 1 5 5 1
1 2 2 2 2 2 1 2 1 2 2 1 2 1
1 2 2 1 2 1 4 1 2 1
1 2 2 1 1 3 2 3 1 1
1 12 1 1 3 2 3 1 1
1 12 1 1 1 2 1 1 1
1 1 2 4 2 1
1 1 2 2 2 2 1
1 1 5 5 1
3 3 3
1 19 21 1
3 3 3
---
3 3
1 21 1
3 3
1 1
1 7 1
1 7 2 1
1 2 2 2 1
1 2 11 1
1 2 11 1
1 2 2 2 1
1 11 2 1
1 11 2 1
1 2 2 2 1
1 2 11 1
1 2 11 1
1 2 2 2 1
1 7 2 1
1 7 1
1 1
1 1
3 3
1 21 1
3 3
1 1
1 5 5 1
1 2 2 2 2 1
1 2 2 2 2 1
1 1 2 1 1 2 1 1
1 6 8 1 1
1 1 2 1 1 2 1 1
1 2 2 2 2 1
1 2 2 2 2 1
1 5 5 1
1 5 5 1
1 2 2 2 2 1
1 2 2 2 2 1
1 1 2 1 1 2 1 1
1 6 8 1 1
1 1 2 1 1 2 1 1
1 2 2 2 2 1
1 2 2 2 2 1
1 5 5 1
3 3
1 21 1
3 3