# 0.00370
1 14 1 14 1
16 16
1 1
1 1 1 1 1 1 1 1 1 1 1 2 2 1
1 2 1 2 1 1 1 1 1 1 1 3 3 1
1 5 1 1 1 3 3 1 1 1 1 1
1 1 1 1 1 1 1 1 2 2 1
1 1 1 1 1 1 1 1 3 3 1
1 1 1 1 1 1 1 1 1 1 1 1 1
1 2 2 1 1 1 1 1 1 1 1
1 4 3 1 1 1 1 1 1 1 1
1 2 3 1 1 1 1 1 1 1 1 1
1 5 1 1 1 1 1 1 1 1
1 2 2 1 1 1 1 1 1 1 1
1 2 2 1 1 1 2 2 1 1 1
1 2 2 1 1 1 3 3 1
1 1 1 1 1 1 1 1 1
1 1
16 16
1 14 1 14 1
---
1 16 1
1 1
2 2 2 2
2 2 2 2 2
2 2 2 3 2
2 9 2
2 3 2 2
2 9 2
2 2 2 3 2
2 2 2 2 2
2 2 2
2 2
2 14 2
2 2
2 14 2
2 2
1 14 1
1 1
1 3 1
2 10 2
2 3 2 2
2 2 2
2 3 2 2
2 10 2
2 3 2
2 2
2 2 2 2
2 2 2 2
2 13 2
2 2 2
2 13 2
2 2 2 2
2 2 2 2
1 1
1 16 1