# 0.01004
14 13 15 13
1 56 1
2 1 1 2
2 1 1 1 1 1 2
2 1 1 1 1 1 1 2
2 4 1 1 1 2 1 1 13 2
2 1 1 1 1 1 1 1 1 3 3 1 1 1 1 1 1 1 1 2
2 4 1 3 1 1 1 1 1 3 3 1 1 2
2 1 1 5 1 1 1 1 1 1 2 1 1 1 2
2 4 1 1 1 1 1 1 1 1 1 5 3 1 1 2
2 1 1 2 1 2 1 1 1 1 2 3 1 13 2
2 4 1 1 1 1 1 1 1 1 6 1 1 1 1 1 1 1 1 1 2
1 1 1 1 1 1 1 1 1 1 1 2 2 2 1 1
2 4 1 2 1 1 1 1 1 2 3 1 2
2 1 1 2 1 1 1 1 1 2 2 1 1 2
2 4 1 3 1 1 1 1 1 5 13 2
2 1 1 1 2 1 1 1 1 1 7 1 1 1 1 1 1 1 2
2 4 1 1 1 1 1 1 1 1 2 2 1 2
2 1 1 2 1 1 4 1 1 5 1 2
2 4 1 1 2 1 2 2 2 1 2
2 1 1 1 1 1 1 1 2
2 1 1 1 1 2 3 1 2
2 1 1 2
1 56 1
16 13 12 14
---
11 11
1 21 1
2 2
2 2
2 15 2
2 1 1 1 1 1 1 1 1 2
2 1 1 1 1 1 1 1 1 2
2 1 1 1 1 1 1 1 1 2
2 2
25
2 2
2 3 4 2
2 3 4 2
2 2 3 2
2 13 2
1 2 4 2
2 3 3 2
2 3 1
2 2
25
2 2
2 13 2
2 2 2
2 2 2
2 4 7 2
2 2
2 13 2
2 2
2 13 2
1 2
2 2 8 3 2
2 12 2 1 1
2 3 1 1 4 2
2 1 1 8 2
2 2 1 3 2 1 2
2 2 2 3 1 2
2 2 2 2 2
2 10 2
2 1 1 2 2
2 2 2
2 2 2
2 10 2
2 2
2 2 2 2 2
2 1 1 1 1
1 2 2 2 2
2 1 1 1 2
2 2 2 2 2
2 1 1 1 2
2 19 2
2 1 1 1 2
2 2 2 2 2
2 1 1 1 2
2 2 2 2 2
2 1 1 1 2
2 2 2 2 2
2 2
2 2
1 21 1
11 11