# 0.08859
1
2
4
7
5 10
1 3 12
3 2 2 15
1 1 19
4 4 2 14
8 11 12
23 10
35
33 3
3 3 3 3 16 3
16 3
16 3
16 3
15 3
18 2
2 15
2 14
2 13 5
3 6 6 4 1
1 4 5 5 4 1
2 3 3 3 3 1
1 3 3 1
5 4
1 1 2
1 1 1 1
0
---
4
4
5
5
5
5
5
4
4
4
5
4
6
6
6
5
1 5
1 5 1
1 6 3
2 5 3
1 5 2 1
1 1 5 2 2
1 1 7 1 2
1 8 1
2 9 1
1 10 2
1 12 1
1 13 1
2 18
1 17
1 20
17 1
15
18
23
6 15
5 1 13 1
6 1 9 1
6 2 5 1
5 1 2
6 2 2
6 1 1
5 2 2
6 1 2
6 2 1
5 1 3
6 2 2
5 1 1
5 2 2
5 1 1