# 0.00962
23
2 2 2 2
2 3 1 2
1 2 2 1
2 2 1 2
1 2 1 1
1 1 1 2
30
1 1 1 1
30
1 1 1 1
1 2 2 1
1 9 1
1 1
30
1 1 1 1 1 1 1
3 1 5 8 6
1 1 3 1 2 1 1 2 1 2
1 1 1 5 2 2 7
1 1 1 2 2 1
1 1 2 1 1
2 1 1 2 2 1 1
1 1 2 4 2 1
2 2 1
2 1 7 1
1 1 3 3 1
1 3 3 3 2
2 1 2 2 1 1
2 1 1 1 2
2 4 4 2
---
18 5
3 1 1 1 1 4 2
2 1 1 1 4 1 2
2 1 1 1 2 1
1 1 1 10
2 1 1 1 1
3 1 1 1 3
1 1 1 1 1 1 1
1 2 1 1 1 3
1 2 1 1 1 1 1
1 2 1 1 1 3 1
1 7 1 1 2 2
1 1 1 2 2 2 1 2 1
1 1 1 1 1 1 2 1 1 1
1 1 1 1 5 1 2 1 1
1 1 1 1 1 1 2 1 1 1
1 1 1 1 1 1 1 1 1 1
1 1 1 1 1 1 1 1 1 1
1 1 1 1 1 1 2 1 1 1
1 1 1 1 5 1 1 1 1
1 1 1 2 1 1 2 1 2 1 1
1 9 2 1 1 1 1
4 1 1 1 1 2 2 1
2 1 1 1 3 2
1 1 1 1 1 1 1
2 1 1 1 3
2 1 1 1 1 1 1
3 1 1 1 3 2
4 1 5 3
9 9