# 0.01017
11 11
7 7
5 5
5 5
4 2 2 4
4 3 3 4
2 4 4 2
1 5 5 1
5 5
5 5
5 5
5 5
5 5
6 6
5 5
4 4
1 3 3 1
2 2 2 2
3 3
3 2 2 3
4 3 3 4
4 3 3 4
5 4 4 5
6 4 4 6
5 3 3 5
5 3 3 5
4 1 1 4
4 4
10 1 1 1 10
10 1 1 1 10
10 1 1 1 10
10 1 1 1 10
10 1 1 1 10
10 1 1 1 10
10 1 1 1 10
10 1 1 1 10
10 1 1 1 10
10 1 1 1 10
---
8 22
7 21
6 20
6 3 18
4 5 4 10
2 6 1 10
2 8 10
1 9 10
1 5 4 10
1 5 2 2 10
1 5 2 4
4 1 6
7 10
2 2
10
2 2
7 10
4 1 6
1 5 2 4
1 5 2 2 10
1 5 4 10
1 9 10
2 8 10
2 6 1 10
4 5 4 10
6 3 18
6 20
7 21
8 22