# 0.00809
1 1 3 1 1 4 10
1 1 1 1 2 1 1 1 1
3 3 4 1 2 1 1
1 1 1 1 1 2 1 1 1 1
1 1 1 1 1 1 4 3 1
2 2 1
3 3 4 4 1 1 1
2 2 1
3 1
2 1 2 1
1 1 3 1 1 1 2 1 2 1
2 2 1 1 2 1 1 5 1
5 3 4 1 1 1
1 1 1 1 1 1 2 1 1
1 1 1 1 1 1 1 3 1
2 2 1
5 3 4 1 2 2 1
1
1
17
---
5 1
1 1 5 1
5 1 2 1
2 1
5 1 2 1
1 1 1 5 1
5 1
5 1
5 1 1 1 1
2 1 5 1
2 1
5 1 5 1
2 1
5 1 2 1
1 1 1 5 1
1 1 1 1
1 3 1 3 1 1
0
1
1
1
1 1
2 1 1
3 2 2 1
2 2 1 2 1
5 7 1
1 2 2 1 2 1
1 3 2 2 1
1 2 1 1
1 1 1
1 1
1 1
1 1
1 1
20