# 0.11672
22
19
12
11
9
5 1
2
0
0
0
0
0
0
0
7
11
6
3 5
6 2 6
7 5 1
1 3 1 2 1 2
1 6
4 5
6
1 2 1 3
4 1 2
4 2
3
2
2 2
2 3
1 3 2
1 2 3
1 2 2
2 2 3
2 2 3 2
2 11
2 5
2
2 9
2 13
2 16
2 6 9
2 5 8
3 4 5 3
3 4 4 6 2
3 3 2 2
4 2 4
4 2 8 1
4 6 1
4 1 2
5 2 4
5 9
5
---
4 3 23
6 3 1 20
6 3 1 1 10
6 4 5 7
6 3 5 2 3
5 3 2 2 3
5 1 3 1 3 5
6 1 1 7 5 3
5 1 6 2 5 6
4 8 2 4 2 1 2
4 4 2 5 1 1 1
3 2 4 1 1 1
3 1 3 2 2 1
2 2 2 3 1 1 1
2 4 2 3 1 1 1
2 4 2 4 1 1 1
2 3 2 1 4 2 1 1
2 4 2 4 3 5 1 1 2
2 3 1 1 6 5 1 1 1
2 2 5 3 4 1 2 1
1 2 5 4 1 1 2
1 2 2 2 3 3 1
1 2 5 4 4
1 2 1 1 4
1 1 2 3
2