# 0.54613
4
6
3 2
3 3
1 2 2
2 3 2
2 3 3
2 4 2
3 3 3
3 7
2 5 3
2 1 1 1 2 1
7 1 2
3 2 1 3
3 1 2 1 1
6 1 4
3 1 1 2 1
1 3 2 1 1 2
6 3 6
3 2 3 2 3
1 1 2 2 4 1
6 1 4 2
4 1 7
1 2 7
5 6
3 1 5
2 1 5
5 4
1 2 3
4 4
1 1 6
4 2 6 1 2
2 2 1 1 1 1 1
4 1 1 1
5 1 2 1
4 1 1 1 1 2 1
5 14 2
3 3 5 9 4
7 3 2
7
---
2
3
2 3
3 2 1
4 5
6 1 3
1 1 2 2 3
2 1 2 4 1 2
4 2 3 4 1 1
1 2 3 4 1 1 2 3
10 13 3
1 2 1 3 3 2 2 2 2
1 2 1 4 2 2 1 2 2
21 1 1
1 3 1 3 2 1 1 1
2 5 4 3 1 2
4 4 5 1 3
2 1 5 2
3 1 2
2 1 3
2 4 2 2
1 4 4 1 3
1 3 10 1 2
2 11 1 3
14 2 1 1
9 2 3
4 6 1 2 2
6 3 3 2 3 1
2 1 3 3 1 2
10 5