# 0.03025
2 1 1 21
2 1 2
2 2
3 1
3
3 8 4
4 3 2 3
4 2 5 1 2 1
5 1 3 2 1 1 2
1 4 2 2 2 2 2
1 1 2 1 1 1 1 1
1 2 2 2 2 3 2 1
1 4 1 4 1 1 2
1 2 2 1 4 1 3 1 2
4 1 2 2 1 1 1 2 1
4 1 1 1 1 1 1
4 2 2 1 2 2 2
4 1 2 2 2 2 2
4 2 6 2 2 2
4 3 2 3 2
2 1 8 5 3
5 5
2 4 3
2 1 6 1 1
2 1 1 1 7 4
2 1 1 1 1 1 9 1
2 1 1 1 1 1 1 1 1 1
5 1 1 1 1 1 1 1 1
9 1 1 1 1 1 1 1
4 7 1 1 1 1
---
30
9 16
6 10 1 3
2 3 11 3
2 2 1 8
3 2 2 1 1
1 2 4 1 1
3 3 7
2 4 2 1 2
1 1 3 3 1 1 1
1 2 2 2 2 7
1 1 1 2 1 1 1
1 1 2 2 1 1 2 1
1 1 1 4 1 1 6
1 1 1 4 1 1 1 1
1 1 1 2 1 1 1
1 1 2 2 1 6
1 2 2 1 2 1
1 1 3 2 2 2
1 1 4 2 5
1 2 2 2 1
1 3 4 4 1
1 1 1 5 5
1 3 4 4 1
1 3 2 2 1
1 2 4 2 4
1 2 3 3 2 2
1 2 2 2 2 1
1 1 1 2 2 1 6
1 1 1 4 1 1 2