# 0.00219
20
1 1
1 16 1
1 1 1 1
1 1 12 1 1
1 1 1 1 1 1
1 1 1 8 1 1 1
1 1 1 1 1 1 1 1
1 1 1 1 4 1 1 1 1
1 1 1 1 1 1 1 1 1 1
1 1 1 1 1 1 1 1 1 1
1 1 1 1 4 1 1 1 1
1 1 1 1 1 1 1 1
1 1 1 8 1 1 1
1 1 1 1 1 1
1 1 12 1 1
1 1 1 1
1 16 1
1 1
20
---
20
1 1
1 16 1
1 1 1 1
1 1 12 1 1
1 1 1 1 1 1
1 1 1 8 1 1 1
1 1 1 1 1 1 1 1
1 1 1 1 4 1 1 1 1
1 1 1 1 1 1 1 1 1 1
1 1 1 1 1 1 1 1 1 1
1 1 1 1 4 1 1 1 1
1 1 1 1 1 1 1 1
1 1 1 8 1 1 1
1 1 1 1 1 1
1 1 12 1 1
1 1 1 1
1 16 1
1 1
20