# 5.47371
5 2 2
5 1 8 1
2 2 2 3 2 2 3
2 2 3 7 2 3
2 3 1 2 2
2 1 1 1 3
2 1 2 2 2
4 16 2 1
24 1
29
27 1
1 1
1 4 2
1 8 1
2 3 1 1
2 2 1 2 13
3 2 1 3 1
5 1 1 4
6 2 1 1
40
---
7 10
11 6
2 4 4
2 4 3
3 4 4
2 1 3 2 2
3 3 2 1
1 4 1 1
2 4 2 1
1 4 1 1
2 4 1 1
1 4 2 1
1 4 2 1
1 4 2 1
1 4 2 2
2 4 7
1 4 1
1 4 1
1 4 1
1 4 1
8 1
2 5 1
1 4 1
1 3 3
2 3 2 1
2 2 3 1
1 2 2 1 1
1 2 1 2 1 1
2 2 2 1 1
2 3 1 1
2 2 1 1
1 2 1 1
2 1 1
3 1 1
2 1 1 1
1 2 1 1 1
2 1 1 1 1
1 1 1 1
3 1
1 2