# 0.06004
8
12
15
17
18
19
19
21
23
9 5 9
7 1 5 1 7
8 1 3 7
7 3 6
12 2 4 7
4 7 1 5 2 3
3 5 1 1 2 4 4
3 3 3 3 3 4
2 3 3 4
3 3 3 4
2 3 4 4
3 3 4 4
3 4 4 4
2 5 1 5 4
2 3 2 1 3 3
3 2 2 2 2 4
3 2 1 2 1 2 4
3 1 2 1 2 4
2 3 1 1 1 1 4
2 4 2 7 4
3 8 1 1 7 4
3 10 1 1 8 4
3 11 11 4
2 26 4
---
3
9
13
9
9
8
8 3
7 4
7 4
15 4
23 4
25 5
10 3 4 5
9 4 2 6
11 2 1 2 6
9 2 1 1 2 3
11 1 3 2
14 1 1 2 1
16 1 1 1 1
13 1 1 1
11 2 1 1 2 1
9 4 3 2
11 2 1 1 2 2
9 2 1 1 5
10 3 4 6
10 12 5
24 5
20 5
7 5
6 4
8 3
9 2
10
14
16
13
9
4