# 0.00759
1 9
1 1 1 1
1 1 1 1 6 2
1 1 1 1 6 3
9 1 4
2 1 1 1 13
3 1 1 2 1 1 1 1 5
2 1 1 3 13
1 4 1 1 1 1 5
13 13
1 1 1 1 5 1 1 1 1 5
13 13
1 1 1 1 5 1 1 1 1 5
13 13
1 1 1 1 5 1 1 1 1 5
13 13
1 1 1 1 5 1 1 1 1 5
13 13
1 1 1 1 5 1 1 1 1 5
13 13
1 1 1 1 5 1 1 1 1 5
13 13
1 1 1 1 5 1 1 1 1 5
13 13
1 1 1 1 5 1 1 1 1 5
13 13
1 1 1 1 5 1 1 1 1 5
13 13
1 1 1 1 5 1 1 1 1 5
13 13
1 1 1 1 5 1 1 1 1 5
13 13
1 1 1 1 5 1 1 1 1 5
13 13
1 1 1 1 5 1 1 1 1 5
13 13
1 1 1 1 5 1 1 1 1 5
35
1 1 1 1 9 1 1 1 11
35
1 1 1 1 9 1 1 1 11
13 13 3
1 1 1 1 5 1 1 1 1 4 4
13 11 5
1 1 1 1 5 1 1 1 1 2 5
13 9 6
1 1 1 1 4 7
11 8
1 1 1 1 2 8
9 9
---
42
1 1 1 1 1 1 1 1 1 1 1 1 1 1 1 1 1 1 1 1 1 1
2 41
2 1 1 1 1 1 1 1 1 1 1 1 1 1 1 1 1 1 1 1 1 1
7 41
1 1 1 1 1 1 1 1 1 1 1 1 1 1 1 1 1 1 1 1 1 1
7 41
1 1 1 1 1 1 1 1 1 1 1 1 1 1 1 1 1 1 1 1 1 1
6 41
1 41
1 41
1 41
42
4
4
4
42
1 1 1 1 1 1 1 1 1 1 1 1 1 1 1 1 1 1 1 1 1 1
1 41
1 1 1 1 1 1 1 1 1 1 1 1 1 1 1 1 1 1 1 1 1 1 1
1 2 41
1 2 1 1 1 1 1 1 1 1 1 1 1 1 1 1 1 1 1 1 1 1 1
1 2 41
1 2 1 1 1 1 1 1 1 1 1 1 1 1 1 1 1 1 1 1 1 1 1
1 2 41
1 1 41
1 41 1
1 41 3
42 4
4 5
4 7
4 8
13
13
13