# 4.15977
3 3 4 2 2 4
3 3 6 2 2 6
2 2 2 2 2 2 2 2
2 2 2 2 3 3 2 2
2 2 2 2 8 2 2
2 2 2 2 2 2 2 2 2
2 2 2 2 2 2 2 2
2 2 2 2 2 2 2 2
2 2 2 2 2 2 2 2
9 2 2 2 2 2 2
9 2 2 2 2 2 2
2 2 2 2 2 2 2 2
2 2 2 2 2 2 2 2
2 2 2 2 2 2 2 2
2 2 2 2 2 2 2 2
2 2 2 2 2 2 2 2
2 2 2 2 2 2 2 2
2 2 2 2 2 2 2 2
3 3 6 2 2 6
3 3 4 2 2 4
---
20
20
2 2 2
2
2
2
2
20
20
2 2
14
16
2 2
2 2
2 2
2 2
2 2
2 2
16
14
2
20
18
2
2
2
2
18
20
2
14
16
2 2
2 2
2 2
2 2
2 2
2 2
16
14