# 1.62717
51
2 1 2 1 1
1 1 40 1 2 1 1
1 1 1 2 1 1
1 1 3 1 9 1 12 1 2 1 1
2 1 1 1 1 1 1 2 1 1
2 1 1 1 2 3 3 3 1 1 3 3 3 3 1 2 1 1
2 1 1 1 1 1 1 1 1 1 1 3 1 1 1 1 1 1 1 1 2 1 1
2 1 1 1 2 3 1 1 3 1 1 3 3 4 1 2 1 1
1 1 2 1 1 2 1 1
1 1 3 1 2 1 1
1 1 40 1 2 1 1
2 1 2 1 1
51
---
4
6
1 1
1 1
1 1
14
1 1
1 1 1 1 1
1 1 5 1 1
1 1 1 1 1
1 1 1 1
1 1 1 3 1 1
1 1 1 1
1 1 3 1 1
1 1 1 1 1 1
1 1 1 1 1
1 1 1 3 1 1
1 1 1 1 1 1 1
1 1 1 3 1 1
1 1 1 1 1
1 1 1 3 1 1
1 1 1 1 1 1
1 1 1 3 1 1
1 1 1 1 1
1 1 3 1 1
1 1 1 1 1 1
1 1 5 1 1
1 1 1 1
1 1 3 1 1
1 1 1 1 1 1 1
1 1 2 1 1 1
1 1 1 1
1 1 4 1 1
1 1 1 1 1
1 1 1 1 1 1
1 1 1 1 1
1 1 1 3 1 1
1 1 1 1 1 1 1
1 1 1 3 1 1
1 1 1 1 1
1 1 1 3 2 1
1 1 1 1 1 2 1
1 1 1 6 1
1 1 1 1 1
1 1 1 3 1 1
1 1 1 1 1 1 1
1 1 3 1 1
1 1 1
1 1
14
1 1
14
14
1 1
14
1 1
1 1
1 1
8