3 3
1 1 1 1
3 3
7 7
13 13
28
28
28
28
28
28
28
28
28
28
1 1 14 1 1
1 1 2 1 1
3 3
1 1 1 1
1 1 1 1
1 1 1 1
1 1 1 1
1 6 6 1
12 12
1 24 1
28
1 24 1
1 24 1
1 24 1
28
1 24 1
1 2 13 1 1 1
1 1 1 4 1 1 1
1 1 1 1
1 5 1
1 1 1 1
1 1 1
1 1
1 1 1
1 1 1 1
1 1 1 1
1 1 1 1
1 1 1 1
1 1 1 1
1 1 1 1
1 1 1 1
1 1 1 1
1 1 1 1
1 1 1 1
3 3
---
2
1 1 2
1 16 9
1 13 1 1 1 1 1 1
1 30 2
1 12 10 1 1
12 9 1 1
12 9 1 1
12 9 1 1
12 10 1 1
12 10 1 1
12 9 1 1 1
12 10 1 1 1
12 9 1 1 1 1
12 9 1 1 1 1
12 9 2 1 1
12 9 1 1 1
12 9 2 1 1
12 9 1 1 1 1
12 9 1 1 1 1
12 10 1 1 1
12 9 1 1 1
12 9 1 1 1
12 10 1 1
12 9 1 1
12 9 1 1
1 12 9 1 1
1 30 1 1
1 13 1 1 1 1 1 2
1 16 9 1
1 1 2
2