20
1
1
16
17
18 3
19
18 1 1 1
16 2
20 14 1 1 1
1 1 12 1
1 1 1 1 1 1 1 1
1 1 2 1 1 2 1 1 1
1 1 1 1 1 2 1 1 3
1 1 22 1 1 1
1 1 1 1 1
1 1 1 1 1 1
1 1 1 2 1 2 1
1 1 1 1 1 1
1 1 1 2 1 1 1 1
1 10 1 1 1 1 1
1 1 2 1 1 1 2 1 1
1 1 2 1 1 4 1 3
1 1 2 1 1 4 1 1 1 1 2
1 10 1 4 1 1 1
1 10 1 4 15
1 1 2 1 1 4 1 1
1 1 2 1 1 4 1 1
1 1 2 1 1 4 1 1
1 10 1 4 1 1
1 1 4 1 1
1 1 6 1 1
1 1 6 1 1
1 1 6 1 1
1 1 6 1 1
1 10 1 6 1 1
1 1 2 1 1 6 1 1
1 1 2 1 1 6 1 1
1 1 2 1 1 6 1 1
1 10 1 6 1 1
1 10 1 6 1 1
1 1 2 1 1 6 1 1
1 1 2 1 1 6 1 1
1 1 2 1 1 6 1 1
1 10 1 35
1 1 1
1 1 1
1 1 1
1 1 1
1 1 1
1 10 1 1
1 1 2 1 1 1
1 1 2 1 1 1
1 1 2 1 1 1
1 10 1 1
1 10 1 1
1 1 2 1 1 1
1 1 2 1 1 1
1 1 2 1 1 1
1 10 1 1
1 1 1
1 1 1
1 1 1
1 1 1
1 1 1
1 10 1 1 20 7
1 1 2 1 1 1 20 1 2
1 1 2 1 1 1 20 1 2
1 1 2 1 1 1 20 1 2
1 1 2 1 1 1 20 1 2
1 1 2 1 1 1 20 1 2
1 1 2 1 1 1 20 1 2
1 1 2 1 1 1 20 1 2
1 1 2 1 1 1 20 1 2
1 1 2 1 1 1 20 1 2
1 1 2 1 1 1 20 1 2
1 1 2 1 1 1 20 1 2
1 1 2 1 1 1 20 1 2
1 1 2 1 1 1 20 1 2
1 1 2 1 1 1 20 1 2
---
71
1
1
1
1
1 10 10 10 15
1 1 2 1 1 2 1 1 2 1 1
1 1 2 1 1 2 1 1 2 1 1
1 1 2 1 1 2 1 1 2 1 1
1 10 10 10 15
1 10 10 10 15
1 1 2 1 1 2 1 1 2 1 1
1 1 2 1 1 2 1 1 2 1 1
1 1 2 1 1 2 1 1 2 1 1
1 10 10 10 15
1
1
1
1
71
0
0
0
0
0
0
0
0
0
0
0
0
2
1
2
1 1
1 5 1
1 6 1
1 7 1
1 12
1 8 1
1 8 1
1 8 1
1 8 1
11 1
1 8 1 49
1 8 1 23
1 8 1 23
1 8 1 23
1 8 1 23
1 12 14 15
1 7 1 1 15
1 5 1 1 15
1 3 1 1 15
1 1 1 1 15
2 1 20 15
2 1 1 1 15
2 1 1 2 1 15
1 1 1 15
2 1 1 1 15
1 1 1 2 1 15
1 1 4 1 1 15
1 1 1 1 1 15
1 1 2 2 1 15
1 1 1 1 1 1 1 15
1 1 1 1 1 1 15
1 1 1 2 1 1 15
1 1 1 1 1 1 1 1 15
1 2 1 1 1 1 15
1 1 1 20 15
1 1 1
2 1 1
1 1 3 2 1
1 1 1 1 1 15
1 1 1
1 1
1 15
1 15
1 1
1 1