0
0
0
0
0
0
0
10 10
1 3 1 1
1 4 1 1
1 5 1 1
1 6 1 1
1 4 1 1
1 1 1 1
1 1 1 1
1 1 1 1
1 1 1 1
1 1 1 1
1 1 1 1
1 1 1 1
1 1 1 1
1 1 1 1
1 1 2 1
1 1 4 1
1 1 5 1
1 1 6 1
1 1 5 1
1 1 4 1
1 1 3 1
10 10
0
1
1
2
1
2
2
1
2
1
1
1
1
13
0
0
0
0
0
0
---
0
0
0
15
1 1
1 1
1 1
1 1
1 1
1 1
1 1
1 1
1 1
1 1
1 1 2
5 1 3 1
5 1 1 1
5 1 3 1
4 1 2 1
3 1 1 1
15 2 1
1 1
1 1
1 1
1
1
15 1
1 5
1 5
1 6
1 6
1 5
1 1
1 1
1 1
1 1
1 1
1 1
1 1
1 1
1 1
1 1
1 1
15
0
0
0
0
0
0