12 6
10 5
8 1 2 4
6 2 3 4
4 4 2 4
4 6 2 4
4 2 1 4
4 4 1 4
4 10 4
3 1 1 4
3 2 3 1 4
3 11 3
4 4 2 3 3
4 5 4 3
5 10 3
5 3 2 4
6 7 5
6 5 5
7 6
6 1 1 4
4 1 2 3
3 1 1 2 2
2 1 4 3 1
1 1 2 2 5
1 2 2 2 2 3
1 3 2 3 3
1 3 6 3
1 3 2 3
1 4 1 4 1
1 4 2 3 1
1 4 2 1 1
1 4 9 1
2 5 8 1
2 2 6 1
3 7 1
4 4 4 1
4 3 1
4 3 1
4 4 4 1
4 13 1
---
40
23 8
22 6 6
9 9 10 5
4 6 10
4 1 7 4 6 1 2
3 1 2 6 1 2 1 2
3 2 2 6 3 1 1 2
2 2 2 7 2 7 1 2
2 4 1 2 2 2 2 3 3 1
1 4 5 1 2 3 1 3 2 1
1 1 1 3 1 2 3 1 2 1 2 1
1 2 1 2 2 2 2 4 2 1
4 1 6 2 4 2 4 1
1 5 1 6 1 6 2 5 2
2 4 3 3 3 5 2
11 5 7 5 2
21 5 6 2
22 3
23 12