11 8
4 1 1 1 1
4 1 1 1 1
6 1 1 1 1
2 1 1 1 1
1 1 1 1 1 1
1 1 1 8
1 1 1
1 1 6
4 1 1 1 1 1
6 11 3 1
3 1 1 6
4 1 4
8 3
1 4 3 1
1 6 1 1 1 2 1 1
1 4 1 6 1
1 1 1 2 1 2 1 2 1 1
1 1 1 1 1 2 1
6 9 1
6 2 2 1
6 2 2 8
3 2 5 1 1
3 2 1 1 2 1
3 2 1 1 2 2
3 2 1 1 2 2
3 2 1 1 2 2
3 2 1 1 2 1
3 2 1 1 2 2
7 9 1 1
---
20
6 5 11
4 5 11
3 2 3 3 1
3 1 1 2 3 11
1 20
1 4 1
1 2
4
11 3
1 1 2 2 1
1 1 1 1 3 1
1 1 1 3 2 2 1
1 1 1 1 2 4
1 1 5 1 1
1 1 1 2 4
1 1 3 2 2 1
1 1 1 3 1
1 1 2 1
11

3 3
7 1 1 3 2
1 1 4 4 1 2 2
1 1 1 2 4 1 4
1 1 1 2 1 1 2
7 1 2 3 1
1 1 1 2 1 2
1 1 4 2 5
1 1 5 4 2