1 20 1
1 3 3 1
1 1 1 1 10 1 1 1 1
1 1 1 1 10 1 1 1 1
1 3 3 1
1 20 1
1 1 1 1
1 1 1 8 1 1 1
1 1 1 1
31
1 1 3 2 1 3 1 1
1 1 1 1 1 1 1 1 1 1
4 1 1 2 1 1 1 1 4
6 1 1 1 1 1 3 1 6
3 3 18 3 3
3 3 1 1 1 1 3 3
2 2 1 1 1 1 2 1 1 1 1 2 2
2 2 1 1 1 1 1 1 1 1 2 2
3 3 1 1 1 1 3 3
3 3 18 3 3
6 1 2 1 6
36
2 2 2 2
2 2 1 4 2 2
6 11 6
8 1 1 8
3 3 3 8 3 3
2 2 3 8 2 2
2 2 1 2 2 2
3 3 18 3 3
10 3 2 3 10
4 4 7 1 4 4
3 3 3 3 3 3
2 2 1 1 2 2
2 2 3 3 2 2
3 3 1 1 3 3
4 4 1 1 4 4
10 1 1 10
10 5 5 10
1 1 1 1 1 1 1 1
---
4 9
6 15
3 15 4
3 8 3 3
2 2 2 1 2
14 2 2 1 2
1 3 8 3 3
1 3 15 4
4 1 6 1 15
1 1 1 4 1 9
10 1
1 1 11 1 1
1 2 1 1 1 1 1 1 2 1 1
1 1 1 2 1 2 3 8 1 1 2
1 1 7 2 1 1 2 10
1 2 1 2 1 2 1 1 1 4 1 2
1 2 1 1 1 1 1 1 1 2 1 1 1
1 2 1 1 6 1 1 1 1 2 1 1
1 2 1 1 2 1 1 1 1 1 1 2 1 1
1 2 1 1 1 1 2 1 3 1 6
1 2 1 1 1 1 1 3 2 6
1 2 1 1 6 1 1 1 2 2 1
1 2 1 1 1 1 1 1 1 5 1
1 2 1 1 6 1 1 1 2 1 1
1 2 1 2 2 2 1 1 2 1 1 2
1 1 7 2 1 10
1 1 1 1 1 2 3 2 1 1 2
1 2 1 1 1 1 1 1 1
1 1 11 1 1
10 1
1 1 1 4 1 9
4 1 6 1 15
1 3 15 4
1 3 8 3 3
1 2 2 2 1 2
14 2 2 1 2
3 8 3 3
3 15 4
6 15
4 9