14
2 2
2 2
1 1
1 1
1 1
1 1
1 1
1 1
1 1
1 1
1 1
1 1
2 2
2 2
14

20
20
20
20

5 1 4
2 1 1 2 1
2 1 1 2 1
5 3 2 1
2 1 1 2 1
2 1 1 2 1
2 1 1 1 4 1

4 4
2 1 1 1
2 1 2 2
4 1 1
2 1 6
2 1 1 1
2 1 1 1
4 1 1 1 1


3 3 4
3 3 2 1
2 2 2 2 1
2 2 2 1
2 2 2 1
2 2 2 1
2 2 2 1
2 2 2 1
2 2 1 4 1
---
4
12 4 9
2 2 4 7 8 9
2 2 4 7 8 2
1 1 4 1 1 1 1 1 1
1 1 4 1 1 1 1 1 1
1 1 4 4 2 3 2
1 1 4 1 9
1 1 4 7 9
1 1 4 1 6
1 1 4 4 3 1 1
1 1 4 1 1
1 1 4 1 1 1 9
1 1 4 3 1 9
1 1 4 7 6 1 1
1 1 4 7 1 1
2 2 4 1 1 1 7
2 2 4 1 1 1
12 4 5
4 1