21
26
28
1 29
32
32 1
35
35
35
12 17
11 16
11 15
12 16
11 14
10 13
10 12
14 7 11
9 3 2 11
8 6 5 10
11 5 2 4 10
10 3 1 1 3 1 10
16 5 10
9 1 10
9 2 10
9 2 9
9 1 9
10 1 9
10 2 9
10 2 2 2 5
10 5 5 4
11 2 2 1 4
11 2 2 1 5
11 9 1 2 5
12 2 2 3 5
12 4 2 6
12 2 7
13 2 8
14 3 8
11 2 2 9
10 11 10
---
28
31
33
2 34
36
37
38
39
17 21
16 3 14
13 1 2 1 9
13 1 1 2 5
10 6 2
9 6 2 2 2
9 3 1 11 2
9 7 2 3 1
9 1 1 1 1 1
9 1 1 1 1
9 2 3 1
9 1 2 1
9 1 2 1 1
10 4 1 2 1
10 3 2 1 1
11 1 4 2
13 1 4 3
14 1 2 1 1
14 1 2 2
15 2
16 6
18 2 2
24 2 2 1
30 1 2
27 1 4
26 1 5
24 1 6
24 9
34
2 31
30
1 26