24

1
16
1 11
8 1
6 1
5 3
1
24

1
16
11 1
1 8
1 6
3 5
1
24

8
1 2
2 2 1 1 1 1 1 1
1 1 20
2 3 1 1 1 1 1 1
1 21
8 1 1 1 1

24
---
5
3
1 3 1 1 1 1 1 1 1
1 3 1 1 7 1
1 1 4 1 1 1 1 1
1 4 1 1 1 1 1 1 1
1 3 1 1 1 1 1 1 1 1
1 3 1 1 1 1 1 2 1 1
1 2 1 1 1 1 2 2 1
1 4 1 1 1 7 1
1 2 1 1 1 1 1 1
1 2 1 1 1 1 1 1
1 2 1 1 1 1 1 1
1 2 1 2 1 5 1
1 2 1 2 1 1 1 1
1 1 1 2 1 1 1 1
1 1 1 2 1 5 1
1 1 1 2 1 1 1 1
1 1 1 4 1 1 1 1
1 1 1 2 1 1 5 1
1 1 1 3 1 1 1 1 1
1 1 3 1 1 1 1 1
1 1 4 1 5 1
1 1 1 4 1 1 1 1
1 1 3 1 1 1 1
1 1 3 1 1 1 1
3 4
5 1 1
1 1