45
3 39 3
2 39 2 1
1 39 2 1 2
39 2 1 3
1 37 2 1 4
2 35 2 1 5
3 33 2 1 6
14 2 6
13 28 6
12 25 3 1
10 30 1 1
8 7 1 1 1 1 1 1 1 1 1 5 1
7 33 1
4 5 1 26 1
3 28 1 1
2 28 3 1
2 6
3 4
50
---
4 15
3 14
2 1 9 2
1 3 7 1
1 5 6 1
14 1
14 1
13 1 1
12 1 1
12 2 1
11 2 1
11 3 1
10 3 1
9 3 1
8 1 6 1
8 1 3 2 1
8 1 6 1
8 8 1
8 3 4 1
8 8 1
8 3 4 1
8 8 1
8 3 4 1
8 8 1
8 3 4 1
8 8 1
8 3 4 1
8 8 1
8 3 4 1
8 8 1
8 3 4 1
8 8 1
8 3 4 1
8 8 1
8 3 4 1
8 8 1
8 3 4 1
8 8 1
7 8 1
6 10 1
5 11 1
4 2 8 1
3 2 1 1
2 2 1 2 2 1
1 2 1 4 2 1
2 1 5 2 1
1 1 5 3
1 6 3
7 3
18