5 4 4 1
8 6 2 3
5 3 1 2 2
4 1 5 1
3 2 3 2 1 2
3 4 3 1 4
2 1 1 2 1
1 1 3 1 2
2 2 2 1
1 1 4 1
1 2 2 5 1
4 12 2 1
3 8 1 5 3
9 1 2 2 1
2 7 2
2 1 1 1 1 2 4
2 2 2 2 2 3 2
3 2 2 11
2 2 2 1 2 1
2 3 3 9
2 1 1 1 1 2 3
1 1 12
2 1 2 2 4
1 1 1 1 4 1
1 1 1 1 4
---
7 2 2
7 2 3 3
6 5 3 2 3
4 2 1 2 2
3 2 2 3 1
1 2 1 3 3 2
1 3 4 1 2
2 2 6 3 2
1 2 3 2 1
1 1 3 3 2 3
1 1 1 3 1 2
1 3 3 3
5 4 1 1
4 2 3 1 1
3 7 2 1
1 2 4 1 1 2 1 1
2 3 1 2 6 1 2
1 1 2 3 2 3 2
1 1 4 1 6
2 1 1 5 3
2 1 2 2 1 1
6 2 5 1 2
2 1 3 2 2 1 2 1
2 2 1 1 3 2 1
2 2 3 3 2 2