8 8
3 6 3
2 4 2
1 2 2 2 1
1 1 1 2 1 1 1
11 2 11
3 1 2 1 3
2 1 2 1 2
1 8 2 8 1
1 1 1 1 1 2 1 1 1 1 1
1 1 1 1 1 2 1 1 1 1 1
1 2 14 2 1
2 1 1 1 1 2
3 1 1 1 1 3
5 14 5
5 14 5
3 1 1 1 1 3
2 1 1 1 1 2
1 2 14 2 1
1 1 1 1 1 2 1 1 1 1 1
1 1 1 1 1 2 1 1 1 1 1
1 8 2 8 1
2 1 2 1 2
3 1 2 1 3
11 2 11
1 1 1 2 1 1 1
1 2 2 2 1
2 4 2
3 6 3
8 8
---
8 8
3 6 3
2 4 2
1 2 2 2 1
1 1 1 2 1 1 1
5 14 5
3 1 1 1 1 3
2 1 1 1 1 2
1 2 14 2 1
1 1 1 1 1 2 1 1 1 1 1
1 1 1 1 1 2 1 1 1 1 1
1 8 2 8 1
2 1 2 1 2
3 1 2 1 3
11 2 11
11 2 11
3 1 2 1 3
2 1 2 1 2
1 8 2 8 1
1 1 1 1 1 2 1 1 1 1 1
1 1 1 1 1 2 1 1 1 1 1
1 2 14 2 1
2 1 1 1 1 2
3 1 1 1 1 3
5 14 5
1 1 1 2 1 1 1
1 2 2 2 1
2 4 2
3 6 3
8 8