11 4 2
1 6 4
1 8 6
1 3 4 3 1
1 2 1 2 2
8 1 7 4
8 1 2 1 1 1 3
1 5 1 2 3
1 3 1 1 1 2 5
3 1 2 1 1 1 2 3 3
2 3 3 1 2 2 3
2 1 1 1 6 2 1 1
10 2 2 2 1 1
8 1 2 1 2 1 1
1 1 1 1 1 2 1
12 1 1 1 1
1 1 1 1 1
2 1 1 1 2 3
2 1 2 7 8
6 7 10
6 1 5 2 2
1 1 5 2 2
11 2 2 2 2
1 2 2 2 2
1 2 2 2 2
1 2 2 2 2
1 2 2 2 2
1 2 2 1 2 1
1 6 7
1 6 2 2 1
---
1 11 1 1
1 2 5 1 2 1
1 3 1 2 1 2 1
1 4 1 2 1 4
1 9 1 3 1
1 4 1 2 1 2 1
1 3 1 2 1 3 1
1 2 7 3 1
1 1 1 1 3
16 8
1 1 1
7 8
7 1 2 2
4 1 3 15
3 2 1 12
4 1 2 1 4 2
4 2 2 12
3 1 20
2 3 2
2
1 2 1 2
4 2 3
1 1 1 2 2 10 1
2 1 16
5 2 2 3
6 1 10 1
3 25
1 7 3
11 2
1