5 1 20 1 5
1 2 4 10 6 3 1
1 2 2 1 2 3 1
1 2 1 1 1 1 1 1 1 2 1
5 3 3 5 1 1 1 3 4
3 3 1 2 2 3 3
2 2 2 1 1 2 2 2
2 2 2 2 2 2 2 1
9 5 9 1
11 2 11 1
2 2 2 2 2 1
2 2 2 1 2 2 1
2 2 2 3 2 2 1
2 2 3 1 2 2 1
3 3 2 3 3 1
1 3 3 5 3 3 1
2 7 1 2 1 7 2
3 5 3 5 3 5 3
4 5 5 4
9 10 9
---
5 1 4
1 4 3
1 3 6 2
6 8 2
5 3 3 1
4 3 1
3 2 2 1
6 2 2 1
2 3 2 2 1
1 4 3 1
2 3 3 1
1 1 8 2
1 3 6 2
1 1 3
1 2
2 3 2
2 2 2 1
2 1 10 1
2 1 10 1
2 1 1 1 1 1 1
2 2 2 1 1 1
2 1 3 1 1 1
2 1 1
2 1 1 1
2 1 3 2
1 1 1 2
1 1 3
4 6 2
2 8 2
2 3 3 1
1 4 3 1
2 3 2 2 1
6 2 2 1
3 2 2 1
4 3 1
3 3 3 1
5 8 2
6 6 2
1 3 3
19