8 4 2 4 8
1 1 2 2 2 1 1
1 1 6 1 1
1 8 1 1 8 1
1 1 1 1 1 1 1 1 1 1
1 1 20 1 1
1 1 1 1 1 1 2 1 1 1 1 1 1
8 1 1 2 1 1 8
1 1 1 1 2 1 1 1 1
2 1 1 1 1 2 1 1 1 1 2
2 10 2 10 2
1 1 1 2 1 1 1
1 9 6 9 1
1 1 1 1 1 1
3 8 2 8 3
3 8 2 8 3
1 1 1 1 1 1
1 9 6 9 1
1 1 1 2 1 1 1
2 10 2 10 2
2 1 1 1 1 2 1 1 1 1 2
1 1 1 1 2 1 1 1 1
8 1 1 2 1 1 8
1 1 1 1 1 1 2 1 1 1 1 1 1
1 1 20 1 1
1 1 1 1 1 1 1 1 1 1
1 8 1 1 8 1
1 1 6 1 1
1 1 2 2 2 1 1
8 4 2 4 8
---
8 4 2 4 8
1 1 2 2 2 1 1
1 1 6 1 1
1 8 1 1 8 1
1 1 1 1 1 1 1 1 1 1
1 1 20 1 1
1 1 1 1 1 1 2 1 1 1 1 1 1
8 1 1 2 1 1 8
1 1 1 1 2 1 1 1 1
2 1 1 1 1 2 1 1 1 1 2
2 10 2 10 2
1 1 1 2 1 1 1
1 9 6 9 1
1 1 1 1 1 1
3 8 2 8 3
3 8 2 8 3
1 1 1 1 1 1
1 9 6 9 1
1 1 1 2 1 1 1
2 10 2 10 2
2 1 1 1 1 2 1 1 1 1 2
1 1 1 1 2 1 1 1 1
8 1 1 2 1 1 8
1 1 1 1 1 1 2 1 1 1 1 1 1
1 1 20 1 1
1 1 1 1 1 1 1 1 1 1
1 8 1 1 8 1
1 1 6 1 1
1 1 2 2 2 1 1
8 4 2 4 8