38
2 2 2 3
2 16 2 2 10 3
1 17 2 1 2 4 3 3
1 17 1 1 1 3 3 4
1 17 1 1 1 2 2 1 8
1 17 2 1 2 2 1 1 1 3
1 17 3 3 2 1 2 1 2
1 16 3 3 1 1 1 2
1 14 4 3 1 2 2
2 10 1 1 3
26 3 1 1 1 1
2 1 1 1 1 1 1 1 1 1 1 2 2 2 1
2 1 1 2 1 1 2 1 1 2 1 1 4 3 1 2
2 1 1 2 1 1 2 1 8 1 2
2 1 1 2 1 2 1 1 1 4 2 4 1 1 1
2 1 1 1 1 1 1 1 1 1 1 2 1 1 1 1
30 4 1 1 1
1 25 5 4 1
1 1 2 18 6 6
1 1 1 3 1 1 1 1 7 6
1 2 1 3 1 1 3 1 1 1 1 8 6
1 2 1 3 1 1 3 1 1 1 8 1 2
1 2 1 1 1 1 1 1 1 8 2 2 1
1 1 21 7 3 3
2 19 6 4 2
3 7 2
44
3 1 23 1 7
3 1 1 1 21 1 1 1 6
2 1 3 3 1 1 1 2 2 1 3 1 3 1
2 1 1 1 2 3 1 2 1 1 1 2 1
2 1 3 1 5 5 2 1 3 1 5
6 6 3 1 6 6 1
2 1 4 2 1 1 1 2 2 1 3 1 3 1
3 1 1 1 4 1 2 3 1 1 1 3 1
3 3 3 2 1 2 3 3 3 1
3 1 3 5 3 1 5
7 7
5 5
---
25 7
2 8 12
2 6 1 1 5 4 1 3
1 8 3 3 4 2 1 3 3
1 8 1 3 1 1 1 1 1 3
1 8 14 1 1 3 1 2
1 8 1 2 2 6 6
1 8 1 1 1 2 3 2 1 1 3 1 2
1 8 8 3 2 1 1 1 3 3
1 8 1 9 2 1 2 3
1 8 1 1 5 2 4 1 3
1 8 1 1 3 2 2 10
1 8 9 2 3 5
1 8 1 1 9 3 1 2
1 8 1 1 3 2 4 1 1 2
1 8 9 2 2 3 3 1
1 8 1 3 2 2 5 5
1 7 3 11 3 3 1
1 6 2 3 2 4 1 1 2
1 11 1 3 3 1 2
1 9 3 2 4 1 2
4 6 1 1 9 8
3 13 2 3
1 4 2 2 3 2 2 3
3 7 1 3 2 3
4 6 8 3
1 8 8 3
1 2 1 2 5 3
1 7 1 1 2 6 9
1 6 7 7 10
1 3 3 5 8 3 1 3
1 2 3 1 3 9 2 1 3 3
1 1 2 1 2 9 1 1 1 1 1 3
1 1 1 1 1 8 1 1 3 1 2
1 1 1 1 2 8 7 6
1 1 1 1 3 3 1 3 1 2
1 2 4 17 1 1 1 1 3
1 2 1 1 2 4 6 1 3 3
1 1 2 1 4 6 1 3
2 1 1 13 12
2 1 2 4 10 1
5 2 10 4 1 1 1
6 2 2 3 1 1
4 1 11
3 5