1 7
2 3 3 5
6 1 1 6
6 2 2 4
5 2 2 3
4 2 2
3 5 1
1 3 3 4
3 1 1 1 1 4
3 9 4
3 3 1 1 3 4
2 3 1 1 3 3
1 1 1 1 1 1 2
11
1 1 1 1 1 1
1 1 1 1 1 1
1 1 1 1 1 1
11
1 1 1 1 1 1
2 1 1 1 1 2
2 1 1 1 1 2
15
1 1 1 1 1 1 1 1
1 1 1 1 1 1 1 1
1 1 1 1 1 1 1 1 1
1 1 1 1 1 1 1 1 1
1 1 1 1 1 1 1 1 1
1 15 2
3 1 1 1 1 1 1 4
2 1 1 1 1 1 1 3
2 1 1 1 1 1 1 2
2 1 1 1 1 1 1 2
17
2 1 1 1 1 1 1 2
2 1 5 1 1 2
2 1 5 1 1 2
4 5 3 2
4 9 2
14 2
14 2
---
5 3 2
6 4 12
5 3 19
7 3 1 1 4
4 30
3 3 1 1 1 1 1 2
1 33
5 1 1 1 1 1 1 6
39
2 1 1 1 1 1 1 1 6
39
5 1 1 1 1 1 1 3
1 33
2 3 1 1 1 1 1 4
3 30
3 2 3 1 1
5 5 19
5 5 12
1 3 6 3
2 4 5