10 1 10
7 1 1 8
6 1 2 6
5 2 2 5
4 2 3 4
4 2 2 3
3 2 1 1 2 3
3 2 1 2 2 3
3 3 2 3 2 3
3 2 3 4 2 3
3 3 3 3 3 3
3 3 4 2 3 3
3 3 6 4 3
3 3 6 3 3
3 3
3 21 3
3 3
3 27 3
3 3
3 23 3
3 3
3 19 3
3 3
3 15 3
3 3
3 1 1 1 1 1 1 3
3 1 1 1 1 1 1 3
11 1 1 1 1 1 1 11
3 1 1 1 1 1 1 3
3 1 1 1 1 1 1 3
3 1 1 1 1 1 1 2
2 1 1 1 1 1 1 1
1 1 1 1 1 1 1
1 1 1 1 1 1
1 1 1 1 1 1
---
33
32
31
6 1
4 1 1
3 1 1
2 1 1 1
1 1 1 1 1
1 1 1 1 1 1
1 1 1 1 1 1
3 1 1 1 1 1 1
6 1 1 1 1 1
8 1 1 1 1 1 10
4 1 1 1 1 1 1
3 3 1 1 1 1 1 10
4 8 1 1 1 1 1
6 1 1 1 1 1 10
3 3 1 1 1 1 1
3 4 2 1 1 1 1 1 10
2 7 1 1 1 1 1
2 6 1 1 1 1 1 10
2 2 1 1 1 1 1
2 2 1 1 1 1 1 10
7 1 1 1 1 1
6 1 1 1 1 1 1
1 3 1 1 1 1 1
1 1 1 1 1 1
2 1 1 1 1
2 1 1 1
3 1 1
4 1 1
5 1
30
31
32