5
2 2
3 3
3 2
3 1 3
4 4
1 1 1
1 3 3
1 1 2 2
1 1 3 1
1 1 5 1
3 1 6 1 1
1 5 8 1
2 8 1
15 1
1 5 1 1
1 8 1
1 8 1
1 8 1
1 8 1
1 8 2
1 9 1 1 1 1 1
1 7 3 5
1 7 1 5
21 17
1 9 1
1 1 7 1 1
1 1 7 1 1
2 4 1 1 1 1
11 1 1 1 1
12 1 1 1 1
9 1 1 1 2 1 2
4 6 5 3 2 1 2
3 1 6 12 1 2
3 1 5 14 3
5 1 3 13 5
40
1 3 2
2 1 14
1 4
---
1 2
1 5 2
1 3 3
1 2 4
1 2 5
1 5 1
3 1 4 1 1
6 27
2 1 1 4 1
1 1 1 4 1
1 1 1 6 1
1 1 1 8 1
5 1 1 1 8 1
3 1 1 4 7 1
4 8 12 3 2 1
6 28 1 2
3 2 19 1 1
1 1 27 1
1 1 2 18 5 1
6 1 16 5 1
5 1 3 10 5 1
2 2 11 12 1
1 2 4 1
12 10 4 1
1 1 1 1 4 1
1 1 5 1
1 5 1
1 5 1
1 6
1 4
1 3 1
1 1 2
1 1 2
1 1 1 2
3 1 3
4 6
3 3 1
4 1
3 1
1 1 1