4
5
3
2 2 3 3
2 1 6 5
1 1 1 6 4 1
1 1 6 4 2
2 2 13 2
8 11 7
2 2 3 9 2 2 2
1 1 4 2 1 4 1 1
1 1 1 1 10 1 1 1 1
1 1 2 8 2 1 1
1 2 2 1
1 24 1
1 9 1
3 2 3 2 11
1 2 1 2 1
1 2 2 1
1 2 1 2 1
1 2 1 1 2 1
1 2 1 2 1
1 2 2 1
2 1 1 2
3 5
1 1
5
3
1 2
1 4
1 2 3
1 1 2
1 1 2
1 1 2
8
---
6
2 6 1
2 2 2 4 1
4 1 2 2 1
3 1 1 4 1 8
3 1 1 1 1 1 2 5
2 2 1 1 9 1 1 1
2 5 13 1 5
4 2 2 2 2 1
5 2 3 1 4 1
6 2 4 1 1 5 1
6 2 3 1 3 6
5 2 2 3 5
4 2 9 1
3 2 8 1
3 2 1 2
3 2 1 7
3 2 1 1
3 2 1 1
3 1 1 1
3 1 1 1
3 1 1 1
3 4 1 1
4 1 1 1 1 1
3 2 1 1 1 1
2 6 1 1
3 2 2 1
1 4 1
2 1
6