16
22
2 2
26
3 1 2
1 5 5 5 1
1 1 1 1 1 1 1 1
1 1 1 1 1 1 1 1
1 1 1 1 1 1 1 1
1 1 1 1 1 1 1 1
3 5 5 5 6
1 1 1
23 1
1 1 1 1 1 1
1 1 1 1 1 1
1 1 1 1 1 1
1 1 1 1 1 1
29
4 1 1 4
3 2 1 1 2 3
2 1 1 1 1 1 1 2 1
1 2 1 2 1 6 1 2 1 3
3 1 2 1 1 2 1 1
1 1 1 1 1 1
2 2
---
1 1 1 2
2 1 1 1
22
3 1 5
1 1 6 1 3
1 1 1 1 1 2 2
2 1 1 1 6 1 1
2 1 1 1 1 1 1 2 1
2 1 6 1 1 1 2 1
2 1 1 1 1 1
2 1 1 2 2
2 1 6 1 1 1
2 1 1 1 1 1 2
2 1 1 1 6 1
2 1 1 1 1 1 1
2 1 6 1 1 1
2 1 1 1 1
2 1 1 1 2
2 1 6 1 1 1
2 1 1 1 1 2 2
2 1 1 1 6 1 1
2 1 1 1 1 1 1 2 1
1 1 6 1 1 1 2 1
1 1 1 1 1 1
18 2
2 1 3
2 1 4
1 1 7
8 1
1 2