18 1
1 1 1 1
1 1 1 1 2 1
1 1 1 1 2 1
1 1 1 1 1 1 1 1 1 1 1 1
5 1 2 1 2 1 1 1 2 1
5 1 5 1 1 1 2 1
5 1 1 1 1 1 1 4
5 1 1 2 1
5 18 1 1
5 2 1
1 1 1 6 5
28
1 1 1 1 1 1
1 1 1 1 1 1
1 5 5 1
1 1 1 1 3 1 1 1 1
1 1 1 1 1 1 1 1
1 1 1 1 1 1 1 1
1 5 1 1 5 1
9 1 1 1 1 9
1 14 1
1 1 1 1
1 1 1 1 3 1 1 1
9 9
1 14 1
1 1 1 1
1 1 1 6 1 1 1
1 1 1 1 1 1
1 1 1 1
---
8 10
6 9 1
9 1 1
6 1 1 1
9 1 1
1 1 1 1
10 1 1 1
1 1 9 1
1 3 1 1 1 11
1 2 1 1 1 1 1 1
1 2 1 1 1 1 1 1 1 2
1 3 1 10 1
1 2 1 2 1 1 1 1
1 2 1 2 6 1 1
1 3 4 1 1 1 1 1
1 4 6 1 1 1
1 1 4 1 2 1 1 1 1
1 1 2 1 1 1
1 1 4 1 10 1 1
1 1 1 1 1 1 1 2
1 1 1 1 1 1 1
1 1 1 1 11
1 1 9 1
10 1 1 1
1 1 1 1
3 2 1 1
2 4 2 1 1
10 1 1
1 10 1
9 1 10